717.8772,-1619.8551,-0.7155,206.1308,VEHICLE,0,0
717.8821,-1619.8654,-0.6788,205.9535,VEHICLE,0,0
717.8866,-1619.8752,-0.6378,205.7890,VEHICLE,0,0
717.8907,-1619.8846,-0.5938,205.6424,VEHICLE,0,0
717.8943,-1619.8940,-0.5477,205.5183,VEHICLE,0,0
717.8976,-1619.9034,-0.5002,205.4204,VEHICLE,0,0
717.9247,-1619.9645,-0.4450,205.3296,VEHICLE,0,0
718.0591,-1620.2509,-0.3902,205.2369,VEHICLE,0,0
718.3137,-1620.7922,-0.3181,205.1504,VEHICLE,0,0
718.7260,-1621.6708,-0.2201,205.0671,VEHICLE,0,0
719.1970,-1622.6736,-0.1294,204.9675,VEHICLE,0,0
719.6293,-1623.5920,-0.0759,204.8013,VEHICLE,0,0
720.1631,-1624.7043,-0.0669,203.8899,VEHICLE,0,0
720.7477,-1625.9241,-0.1062,201.2034,VEHICLE,0,0
721.2484,-1627.0574,-0.1550,197.9087,VEHICLE,0,0
721.8138,-1628.5800,-0.2056,193.5731,VEHICLE,0,0
722.2332,-1630.0082,-0.2937,190.2772,VEHICLE,0,0
722.5669,-1631.4988,-0.4178,187.4163,VEHICLE,0,0
722.8328,-1633.1487,-0.5392,184.8561,VEHICLE,0,0
723.0282,-1634.9471,-0.6356,182.7605,VEHICLE,0,0
723.1536,-1636.8538,-0.6726,181.1283,VEHICLE,0,0
723.2146,-1638.7061,-0.6974,179.9730,VEHICLE,0,0
723.2192,-1640.5291,-0.6938,179.7609,VEHICLE,0,0
723.2052,-1642.4001,-0.6033,180.4093,VEHICLE,0,0
723.2111,-1644.3921,-0.4291,181.1950,VEHICLE,0,0
723.2416,-1646.3151,-0.2778,181.8330,VEHICLE,0,0
723.2951,-1648.2897,-0.1924,182.4032,VEHICLE,0,0
723.3735,-1650.4250,-0.1880,182.9136,VEHICLE,0,0
723.4774,-1652.7261,-0.2645,183.3309,VEHICLE,0,0
723.6068,-1655.1641,-0.3905,183.6555,VEHICLE,0,0
723.7609,-1657.7242,-0.5213,183.8983,VEHICLE,0,0
723.9545,-1660.6465,-0.5638,184.0763,VEHICLE,0,0
724.1281,-1663.1383,-0.4738,184.1750,VEHICLE,0,0
724.2733,-1665.1620,-0.3208,184.1837,VEHICLE,0,0
724.4528,-1667.5842,-0.0951,183.7848,VEHICLE,0,0
724.6287,-1670.0914,0.1091,182.9648,VEHICLE,0,0
724.7834,-1672.7357,0.2506,182.1124,VEHICLE,0,0
724.9118,-1675.5210,0.3033,181.3332,VEHICLE,0,0
725.0152,-1678.4471,0.2653,180.6607,VEHICLE,0,0
725.0934,-1681.5226,0.1690,180.0947,VEHICLE,0,0
725.1357,-1684.1726,0.0670,179.6741,VEHICLE,0,0
725.1567,-1688.0254,-0.1249,179.0815,VEHICLE,0,0
725.1374,-1691.4814,-0.3742,178.5910,VEHICLE,0,0
725.0609,-1695.7476,-0.6786,178.0878,VEHICLE,0,0
724.9649,-1699.1118,-0.6458,177.7175,VEHICLE,0,0
724.8295,-1702.7736,-0.4926,177.2739,VEHICLE,0,0
724.6984,-1705.7468,-0.2903,176.9264,VEHICLE,0,0
724.5291,-1709.0691,-0.0174,176.5836,VEHICLE,0,0
724.3575,-1712.0677,0.2111,176.3340,VEHICLE,0,0
724.1675,-1715.1447,0.4131,176.1521,VEHICLE,0,0
723.9617,-1718.3401,0.5476,176.0086,VEHICLE,0,0
723.7055,-1722.2412,0.5894,175.8277,VEHICLE,0,0
723.4385,-1726.2740,0.4343,175.6289,VEHICLE,0,0
723.1597,-1730.4430,0.0763,175.4210,VEHICLE,0,0
722.8537,-1734.8042,-0.3463,175.1816,VEHICLE,0,0
722.5673,-1738.5447,-0.6520,175.0428,VEHICLE,0,0
722.2224,-1742.7000,-0.7054,174.9586,VEHICLE,0,0
721.8937,-1746.4597,-0.5481,174.8342,VEHICLE,0,0
721.5746,-1749.9961,-0.3074,174.7147,VEHICLE,0,0
721.2491,-1753.5115,-0.0351,174.6531,VEHICLE,0,0
720.9578,-1756.6189,0.1614,174.6163,VEHICLE,0,0
720.6550,-1759.8434,0.2827,174.6057,VEHICLE,0,0
720.3381,-1763.1868,0.3403,174.9947,VEHICLE,0,0
719.9758,-1767.2218,0.3477,176.0492,VEHICLE,0,0
719.6608,-1771.3993,0.3126,177.0679,VEHICLE,0,0
719.3969,-1775.7405,0.1398,177.8944,VEHICLE,0,0
719.1768,-1780.2054,-0.1808,178.5653,VEHICLE,0,0
719.0261,-1784.0823,-0.4405,178.9833,VEHICLE,0,0
718.9180,-1787.8157,-0.5983,179.2211,VEHICLE,0,0
718.8447,-1791.7734,-0.6049,179.3358,VEHICLE,0,0
718.8022,-1795.3002,-0.4469,179.2727,VEHICLE,0,0
718.7600,-1798.7078,-0.2083,179.1395,VEHICLE,0,0
718.7083,-1802.1832,0.0172,179.0187,VEHICLE,0,0
718.6495,-1805.8398,0.1415,178.8870,VEHICLE,0,0
718.5889,-1809.6752,0.1239,178.7249,VEHICLE,0,0
718.5245,-1813.6901,0.0176,178.5540,VEHICLE,0,0
718.4477,-1817.7626,-0.0484,178.4384,VEHICLE,0,0
718.3515,-1821.8232,-0.0501,178.4337,VEHICLE,0,0
718.2399,-1825.9707,-0.0427,178.8174,VEHICLE,0,0
718.1440,-1830.2228,-0.0377,179.2691,VEHICLE,0,0
718.0753,-1834.5930,-0.0464,179.6755,VEHICLE,0,0
718.0319,-1839.1157,-0.1145,180.0217,VEHICLE,0,0
718.0084,-1843.8118,-0.2879,180.3239,VEHICLE,0,0
718.0059,-1848.5750,-0.4693,180.5519,VEHICLE,0,0
718.0239,-1852.9890,-0.5176,180.4649,VEHICLE,0,0
718.0496,-1856.7675,-0.3898,180.1007,VEHICLE,0,0
718.0600,-1860.1173,-0.1386,179.6180,VEHICLE,0,0
718.0391,-1863.5740,0.1643,179.1437,VEHICLE,0,0
717.9916,-1866.9963,0.4073,178.7902,VEHICLE,0,0
717.9293,-1870.5852,0.5413,178.4675,VEHICLE,0,0
717.8521,-1874.9425,0.5226,178.0684,VEHICLE,0,0
717.7756,-1879.4512,0.2461,177.6707,VEHICLE,0,0
717.6989,-1883.8912,-0.2088,177.3163,VEHICLE,0,0
717.5741,-1888.6816,-0.6673,177.0881,VEHICLE,0,0
717.3909,-1893.2256,-0.7169,176.7749,VEHICLE,0,0
717.1781,-1897.1761,-0.4939,176.4279,VEHICLE,0,0
716.9857,-1900.3201,-0.1956,176.1958,VEHICLE,0,0
716.7504,-1903.8860,0.1695,176.4749,VEHICLE,0,0
716.5164,-1907.6385,0.4339,176.9247,VEHICLE,0,0
716.2906,-1911.6659,0.4807,177.3215,VEHICLE,0,0
716.0797,-1915.9255,0.3264,177.6166,VEHICLE,0,0
715.8822,-1920.4280,0.0663,177.8066,VEHICLE,0,0
715.6935,-1925.1407,-0.2466,177.8844,VEHICLE,0,0
715.5239,-1929.5598,-0.5567,177.9068,VEHICLE,0,0
715.3493,-1934.2947,-0.7504,177.4944,VEHICLE,0,0
715.1854,-1938.3164,-0.7071,175.7065,VEHICLE,0,0
714.9500,-1941.8153,-0.5227,172.3081,VEHICLE,0,0
714.5504,-1945.1124,-0.2742,167.5435,VEHICLE,0,0
713.9097,-1948.3312,-0.0138,161.7005,VEHICLE,0,0
713.0396,-1951.2686,0.1903,156.1713,VEHICLE,0,0
711.9160,-1954.0774,0.3219,151.7605,VEHICLE,0,0
710.5284,-1956.8945,0.3443,148.1703,VEHICLE,0,0
708.9054,-1959.7363,0.2425,145.3281,VEHICLE,0,0
707.0699,-1962.5854,0.0914,143.2175,VEHICLE,0,0
705.3763,-1964.9773,0.0262,142.0104,VEHICLE,0,0
703.3134,-1967.6970,0.0460,141.0480,VEHICLE,0,0
701.1466,-1970.4191,0.1073,140.2314,VEHICLE,0,0
698.8323,-1973.2272,0.1172,139.6256,VEHICLE,0,0
696.3743,-1976.1156,0.0518,139.3262,VEHICLE,0,0
693.7985,-1979.0764,-0.0174,139.1781,VEHICLE,0,0
691.1663,-1982.0775,-0.0337,138.7682,VEHICLE,0,0
688.4832,-1985.1091,-0.0537,137.6037,VEHICLE,0,0
685.6797,-1988.1863,-0.1284,135.5017,VEHICLE,0,0
682.7208,-1991.2672,-0.2553,132.4707,VEHICLE,0,0
679.6470,-1994.2102,-0.3360,129.4599,VEHICLE,0,0
676.5898,-1996.8518,-0.3141,127.2497,VEHICLE,0,0
673.5562,-1999.2318,-0.2091,125.6467,VEHICLE,0,0
670.4169,-2001.5322,-0.1113,123.8748,VEHICLE,0,0
667.1101,-2003.8301,-0.1382,121.4663,VEHICLE,0,0
662.5655,-2006.7297,-0.3584,117.0570,VEHICLE,0,0
658.4077,-2009.0126,-0.5536,112.1564,VEHICLE,0,0
654.7144,-2010.6649,-0.6403,107.0949,VEHICLE,0,0
651.4814,-2011.7776,-0.6256,101.9588,VEHICLE,0,0
648.3633,-2012.5460,-0.5601,96.4727,VEHICLE,0,0
645.2500,-2013.0090,-0.4682,91.1403,VEHICLE,0,0
642.0527,-2013.1824,-0.3684,86.8258,VEHICLE,0,0
638.2515,-2013.0715,-0.2809,83.2020,VEHICLE,0,0
634.3347,-2012.6843,-0.1969,80.8353,VEHICLE,0,0
630.3843,-2012.0836,-0.0649,80.3729,VEHICLE,0,0
626.9183,-2011.4894,0.1066,80.9053,VEHICLE,0,0
623.3821,-2010.8969,0.2848,81.5440,VEHICLE,0,0
619.6891,-2010.3079,0.3912,82.2809,VEHICLE,0,0
615.8349,-2009.7249,0.3818,83.0742,VEHICLE,0,0
611.8489,-2009.1553,0.2411,83.8503,VEHICLE,0,0
607.7290,-2008.6184,0.0518,84.5362,VEHICLE,0,0
603.5858,-2008.1469,-0.0761,84.9943,VEHICLE,0,0
599.5496,-2007.7550,-0.1058,85.1767,VEHICLE,0,0
595.5811,-2007.4133,-0.0896,84.6583,VEHICLE,0,0
591.5274,-2007.0446,-0.0772,83.7854,VEHICLE,0,0
587.3193,-2006.6095,-0.1395,82.8784,VEHICLE,0,0
582.9792,-2006.1064,-0.3012,81.9954,VEHICLE,0,0
578.5593,-2005.5332,-0.4875,81.1923,VEHICLE,0,0
574.7802,-2004.9929,-0.5990,80.7658,VEHICLE,0,0
570.5654,-2004.3464,-0.6254,80.9163,VEHICLE,0,0
566.5836,-2003.7233,-0.5406,81.5057,VEHICLE,0,0
562.6948,-2003.1342,-0.3912,82.0140,VEHICLE,0,0
559.2745,-2002.6427,-0.2808,82.3616,VEHICLE,0,0
555.1726,-2002.0790,-0.2269,82.7449,VEHICLE,0,0
551.5654,-2001.5983,-0.2340,83.0667,VEHICLE,0,0
547.7052,-2001.0991,-0.2192,83.3061,VEHICLE,0,0
543.5671,-2000.5797,-0.1271,83.2658,VEHICLE,0,0
539.5860,-2000.0913,0.0406,83.0233,VEHICLE,0,0
535.6414,-1999.6077,0.2409,82.8291,VEHICLE,0,0
531.5681,-1999.0981,0.3769,82.7460,VEHICLE,0,0
527.8257,-1998.6228,0.3927,82.7043,VEHICLE,0,0
523.4158,-1998.0625,0.2925,82.6523,VEHICLE,0,0
518.8696,-1997.4922,0.0670,82.5405,VEHICLE,0,0
514.8598,-1996.9916,-0.1495,82.4265,VEHICLE,0,0
510.2756,-1996.4115,-0.3183,82.3830,VEHICLE,0,0
506.5436,-1995.9259,-0.3623,82.3815,VEHICLE,0,0
502.9262,-1995.4418,-0.3405,82.3364,VEHICLE,0,0
499.2830,-1994.9446,-0.3050,82.2494,VEHICLE,0,0
494.9193,-1994.3456,-0.3409,82.1580,VEHICLE,0,0
490.4862,-1993.7358,-0.4449,82.1226,VEHICLE,0,0
486.0322,-1993.1213,-0.5227,82.1425,VEHICLE,0,0
481.7605,-1992.5313,-0.5039,82.1575,VEHICLE,0,0
478.6561,-1992.1029,-0.4150,82.1227,VEHICLE,0,0
475.3412,-1991.6462,-0.2644,82.0621,VEHICLE,0,0
472.0193,-1991.1879,-0.0942,82.0202,VEHICLE,0,0
468.5988,-1990.7123,0.0322,82.0040,VEHICLE,0,0
464.4552,-1990.1304,0.0738,82.0038,VEHICLE,0,0
460.1570,-1989.5232,0.0250,82.0135,VEHICLE,0,0
456.7302,-1989.0393,-0.0053,82.0207,VEHICLE,0,0
452.6135,-1988.4598,0.0194,82.0218,VEHICLE,0,0
448.4986,-1987.8821,0.1252,82.0011,VEHICLE,0,0
445.0019,-1987.3904,0.2454,81.9605,VEHICLE,0,0
440.8196,-1986.7994,0.3507,81.9111,VEHICLE,0,0
437.0251,-1986.2621,0.3074,81.8605,VEHICLE,0,0
432.5339,-1985.6257,0.0399,81.7912,VEHICLE,0,0
428.6068,-1985.0695,-0.2777,81.7200,VEHICLE,0,0
423.1993,-1984.2947,-0.4043,81.6736,VEHICLE,0,0
418.2724,-1983.5725,-0.2828,81.6605,VEHICLE,0,0
414.0147,-1982.9423,-0.1737,81.5959,VEHICLE,0,0
409.5419,-1982.2786,-0.1703,81.5437,VEHICLE,0,0
405.6786,-1981.7065,-0.2802,81.5993,VEHICLE,0,0
400.5124,-1980.9495,-0.4511,81.7215,VEHICLE,0,0
395.5413,-1980.2303,-0.4869,81.9140,VEHICLE,0,0
391.2339,-1979.6176,-0.3262,82.0777,VEHICLE,0,0
387.2950,-1979.0656,-0.0469,82.2724,VEHICLE,0,0
383.2896,-1978.5111,0.1952,83.3262,VEHICLE,0,0
379.5800,-1978.0438,0.2716,84.9604,VEHICLE,0,0
375.6789,-1977.6425,0.2365,86.5558,VEHICLE,0,0
371.5889,-1977.3228,0.1167,87.8962,VEHICLE,0,0
367.4095,-1977.0978,0.0138,88.9205,VEHICLE,0,0
362.6992,-1976.9547,-0.0147,89.7268,VEHICLE,0,0
358.6572,-1976.9080,0.0431,90.2411,VEHICLE,0,0
354.5916,-1976.9091,0.1386,90.6358,VEHICLE,0,0
351.0084,-1976.9363,0.1861,90.8675,VEHICLE,0,0
346.6475,-1976.9948,0.1363,91.0165,VEHICLE,0,0
342.1424,-1977.0803,-0.0346,91.0525,VEHICLE,0,0
337.4888,-1977.1846,-0.2629,91.0047,VEHICLE,0,0
332.8429,-1977.2897,-0.4320,91.0060,VEHICLE,0,0
328.4455,-1977.3815,-0.4765,91.1489,VEHICLE,0,0
324.3201,-1977.4639,-0.3952,91.3143,VEHICLE,0,0
320.2692,-1977.5520,-0.2515,91.4334,VEHICLE,0,0
316.1135,-1977.6539,-0.1528,91.5598,VEHICLE,0,0
311.8113,-1977.7657,-0.1820,91.7113,VEHICLE,0,0
308.0280,-1977.8656,-0.2893,91.8629,VEHICLE,0,0
303.0872,-1978.0027,-0.4190,92.0443,VEHICLE,0,0
298.7748,-1978.1345,-0.4318,92.0012,VEHICLE,0,0
294.2704,-1978.2821,-0.2963,91.7079,VEHICLE,0,0
290.5343,-1978.4000,-0.0901,91.4431,VEHICLE,0,0
286.7481,-1978.5042,0.1182,91.2211,VEHICLE,0,0
282.2115,-1978.6080,0.2299,91.0077,VEHICLE,0,0
278.0240,-1978.6931,0.1869,90.9005,VEHICLE,0,0
273.0700,-1978.7919,0.0497,90.8060,VEHICLE,0,0
268.0473,-1978.8861,-0.0378,90.7615,VEHICLE,0,0
263.7623,-1978.9565,-0.0256,90.7578,VEHICLE,0,0
259.5797,-1979.0153,0.0593,90.7263,VEHICLE,0,0
255.3891,-1979.0663,0.1781,90.6510,VEHICLE,0,0
251.0466,-1979.1151,0.2295,90.5611,VEHICLE,0,0
245.8899,-1979.1698,0.1216,90.4718,VEHICLE,0,0
241.2329,-1979.2150,-0.1193,90.4065,VEHICLE,0,0
237.8388,-1979.2444,-0.3065,90.3710,VEHICLE,0,0
232.3015,-1979.2853,-0.3930,90.3344,VEHICLE,0,0
227.9539,-1979.3126,-0.3035,90.3074,VEHICLE,0,0
223.6108,-1979.3383,-0.1806,90.2961,VEHICLE,0,0
219.1471,-1979.3634,-0.1122,90.3108,VEHICLE,0,0
214.5445,-1979.3866,-0.1641,90.3484,VEHICLE,0,0
209.1374,-1979.4114,-0.3243,90.4155,VEHICLE,0,0
203.7264,-1979.4387,-0.4376,90.4511,VEHICLE,0,0
198.7760,-1979.4685,-0.3931,90.3236,VEHICLE,0,0
194.3320,-1979.4952,-0.1982,90.0996,VEHICLE,0,0
189.9877,-1979.5115,0.0510,89.9099,VEHICLE,0,0
185.3897,-1979.5107,0.1945,89.7690,VEHICLE,0,0
180.6099,-1979.4957,0.1499,89.6618,VEHICLE,0,0
175.6356,-1979.4728,-0.0061,89.5727,VEHICLE,0,0
170.5861,-1979.4458,-0.1108,89.3915,VEHICLE,0,0
165.7330,-1979.4091,-0.1081,88.6753,VEHICLE,0,0
161.0515,-1979.3262,-0.0562,86.7288,VEHICLE,0,0
156.3898,-1979.1110,-0.0257,83.2726,VEHICLE,0,0
151.7189,-1978.6582,-0.0661,78.5450,VEHICLE,0,0
147.0019,-1977.8623,-0.2065,72.7328,VEHICLE,0,0
142.4565,-1976.6693,-0.4050,66.4449,VEHICLE,0,0
138.9225,-1975.3497,-0.5321,61.1949,VEHICLE,0,0
135.5292,-1973.6500,-0.5566,55.5075,VEHICLE,0,0
132.0441,-1971.3381,-0.4621,48.0252,VEHICLE,0,0
129.4469,-1969.1434,-0.3848,41.2839,VEHICLE,0,0
127.0403,-1966.5707,-0.3447,35.3563,VEHICLE,0,0
124.8241,-1963.6244,-0.3271,30.8394,VEHICLE,0,0
122.7847,-1960.3719,-0.3063,27.6065,VEHICLE,0,0
120.8982,-1956.8962,-0.2303,25.3286,VEHICLE,0,0
119.3570,-1953.7444,-0.1052,23.8884,VEHICLE,0,0
117.8768,-1950.4845,0.0395,22.8287,VEHICLE,0,0
116.4149,-1947.0760,0.1633,22.0183,VEHICLE,0,0
115.1572,-1944.0302,0.2190,21.1835,VEHICLE,0,0
113.6842,-1940.3219,0.2005,19.6266,VEHICLE,0,0
112.2461,-1936.4432,0.1366,17.9780,VEHICLE,0,0
110.8760,-1932.4227,0.0686,16.6187,VEHICLE,0,0
109.7525,-1928.8608,-0.0037,15.6374,VEHICLE,0,0
108.4919,-1924.5614,-0.1116,14.6360,VEHICLE,0,0
107.2143,-1919.8625,-0.2518,13.7116,VEHICLE,0,0
106.0513,-1915.2715,-0.3936,12.9688,VEHICLE,0,0
104.9613,-1910.6810,-0.4786,12.4120,VEHICLE,0,0
103.9828,-1906.3314,-0.4602,12.0218,VEHICLE,0,0
103.1102,-1902.2972,-0.3363,11.5577,VEHICLE,0,0
102.2996,-1898.3948,-0.1441,11.0804,VEHICLE,0,0
101.5117,-1894.4385,0.0440,10.7060,VEHICLE,0,0
100.7208,-1890.3179,0.1464,10.4277,VEHICLE,0,0
99.9228,-1886.0316,0.1476,10.2876,VEHICLE,0,0
99.1115,-1881.5952,0.0802,10.3547,VEHICLE,0,0
98.2755,-1877.0291,-0.0865,10.4518,VEHICLE,0,0
97.4367,-1872.4802,-0.2000,10.5479,VEHICLE,0,0
96.7636,-1868.8594,-0.1894,10.6376,VEHICLE,0,0
96.0240,-1864.9117,-0.0727,10.7353,VEHICLE,0,0
95.4007,-1861.6095,0.0784,10.8209,VEHICLE,0,0
94.6459,-1857.6537,0.2058,10.8077,VEHICLE,0,0
93.9733,-1854.1478,0.1945,10.5318,VEHICLE,0,0
93.2919,-1850.5323,0.0854,10.2129,VEHICLE,0,0
92.6118,-1846.8231,-0.0583,9.9241,VEHICLE,0,0
91.9464,-1843.0851,-0.1642,9.6815,VEHICLE,0,0
91.3109,-1839.4148,-0.2084,9.4741,VEHICLE,0,0
90.6983,-1835.7882,-0.1961,9.3023,VEHICLE,0,0
90.0968,-1832.1516,-0.1459,9.1657,VEHICLE,0,0
89.3936,-1827.8311,-0.1008,8.9495,VEHICLE,0,0
88.6879,-1823.3992,-0.1026,8.6738,VEHICLE,0,0
87.9856,-1818.8590,-0.1247,8.4359,VEHICLE,0,0
87.2887,-1814.2246,-0.1392,8.2541,VEHICLE,0,0
86.5914,-1809.4768,-0.1696,8.1082,VEHICLE,0,0
85.9908,-1805.3086,-0.2345,8.0034,VEHICLE,0,0
85.3906,-1801.0793,-0.3030,7.9174,VEHICLE,0,0
84.7123,-1796.2352,-0.3326,7.7754,VEHICLE,0,0
84.0808,-1791.6417,-0.2716,7.5141,VEHICLE,0,0
83.5814,-1787.9022,-0.1589,7.2666,VEHICLE,0,0
83.1061,-1784.2227,-0.0139,7.0306,VEHICLE,0,0
82.6428,-1780.5137,0.1376,6.8217,VEHICLE,0,0
82.1833,-1776.7330,0.2603,6.6364,VEHICLE,0,0
81.6441,-1772.1987,0.3816,6.4638,VEHICLE,0,0
81.1035,-1767.5854,0.4693,6.3519,VEHICLE,0,0
80.6332,-1763.5342,0.4963,6.2494,VEHICLE,0,0
80.0618,-1758.5743,0.4193,6.0852,VEHICLE,0,0
79.5610,-1754.1790,0.2513,5.9287,VEHICLE,0,0
78.9878,-1749.0511,-0.0346,5.7342,VEHICLE,0,0
78.4302,-1743.8633,-0.3270,5.5803,VEHICLE,0,0
77.8733,-1738.4165,-0.5919,5.3758,VEHICLE,0,0
77.4565,-1734.1149,-0.7203,5.1723,VEHICLE,0,0
77.0832,-1730.0645,-0.7011,4.8768,VEHICLE,0,0
76.7522,-1726.2428,-0.5401,4.4967,VEHICLE,0,0
76.4585,-1722.5745,-0.3121,4.1329,VEHICLE,0,0
76.1831,-1718.8370,-0.0949,3.9262,VEHICLE,0,0
75.9483,-1715.5145,0.0358,3.8669,VEHICLE,0,0
75.7052,-1712.0706,0.1031,3.8252,VEHICLE,0,0
75.4512,-1708.4984,0.1265,3.7803,VEHICLE,0,0
75.1914,-1704.8485,0.1442,3.7436,VEHICLE,0,0
74.9358,-1701.1835,0.1926,3.8635,VEHICLE,0,0
74.6807,-1697.5211,0.2713,4.1674,VEHICLE,0,0
74.4136,-1693.8394,0.3661,4.4668,VEHICLE,0,0
74.1740,-1690.6964,0.4118,4.6567,VEHICLE,0,0
73.9176,-1687.4685,0.3989,4.8009,VEHICLE,0,0
73.5901,-1683.4626,0.2824,5.0194,VEHICLE,0,0
73.2393,-1679.2726,0.0636,5.4990,VEHICLE,0,0
72.8020,-1674.4127,-0.1758,6.1220,VEHICLE,0,0
72.3866,-1670.2252,-0.3328,6.5456,VEHICLE,0,0
71.9418,-1666.1300,-0.4424,6.9149,VEHICLE,0,0
71.4694,-1662.1134,-0.5056,7.1847,VEHICLE,0,0
71.1458,-1659.4850,-0.5173,7.2653,VEHICLE,0,0
70.6646,-1655.6650,-0.4828,7.2311,VEHICLE,0,0
70.1915,-1651.9235,-0.4023,7.1042,VEHICLE,0,0
69.7312,-1648.2440,-0.2879,6.9674,VEHICLE,0,0
69.2753,-1644.5409,-0.1626,6.8473,VEHICLE,0,0
68.8168,-1640.7662,-0.0553,6.7376,VEHICLE,0,0
68.3491,-1636.8901,0.0147,6.6255,VEHICLE,0,0
67.8751,-1632.9429,0.0711,6.5297,VEHICLE,0,0
67.3981,-1628.9445,0.1402,6.4848,VEHICLE,0,0
66.9213,-1624.9160,0.2207,6.4535,VEHICLE,0,0
66.4444,-1620.8401,0.2883,6.3835,VEHICLE,0,0
65.9598,-1616.6493,0.2873,6.2606,VEHICLE,0,0
65.4703,-1612.3422,0.2049,6.1259,VEHICLE,0,0
64.9819,-1607.9391,0.0640,6.0016,VEHICLE,0,0
64.5056,-1603.5155,-0.0646,5.8981,VEHICLE,0,0
64.0493,-1599.1536,-0.1515,5.7948,VEHICLE,0,0
63.6121,-1594.8801,-0.1952,5.6972,VEHICLE,0,0
63.1858,-1590.6494,-0.2032,5.6302,VEHICLE,0,0
62.7672,-1586.4503,-0.1873,5.5842,VEHICLE,0,0
62.3546,-1582.2704,-0.1475,5.5463,VEHICLE,0,0
62.0111,-1578.7585,-0.1055,5.5219,VEHICLE,0,0
61.5808,-1574.3256,-0.0620,5.5023,VEHICLE,0,0
61.1585,-1569.9478,-0.0712,5.4901,VEHICLE,0,0
60.7286,-1565.4807,-0.1488,5.4789,VEHICLE,0,0
60.2908,-1560.9285,-0.2476,5.4697,VEHICLE,0,0
59.7920,-1555.7402,-0.3167,5.4654,VEHICLE,0,0
59.3847,-1551.4956,-0.3068,5.4545,VEHICLE,0,0
58.9434,-1546.8751,-0.2178,5.4207,VEHICLE,0,0
58.5803,-1543.0455,-0.0921,5.3791,VEHICLE,0,0
58.2220,-1539.2369,0.0518,5.3354,VEHICLE,0,0
57.8910,-1535.7114,0.1728,5.2375,VEHICLE,0,0
57.4634,-1531.1233,0.2838,4.8727,VEHICLE,0,0
57.0406,-1526.3744,0.3286,4.4749,VEHICLE,0,0
56.6298,-1521.4713,0.2936,4.1198,VEHICLE,0,0
56.2326,-1516.4154,0.1905,3.8124,VEHICLE,0,0
55.8530,-1511.2328,0.0588,3.5506,VEHICLE,0,0
55.4974,-1505.9783,-0.0634,3.3275,VEHICLE,0,0
55.1583,-1500.5115,-0.1769,3.1024,VEHICLE,0,0
54.8556,-1495.1774,-0.2721,2.8982,VEHICLE,0,0
54.5766,-1489.8533,-0.3308,2.7025,VEHICLE,0,0
54.3252,-1484.6785,-0.3273,2.5098,VEHICLE,0,0
54.1001,-1479.7012,-0.2601,2.3131,VEHICLE,0,0
53.8670,-1474.1294,-0.1351,2.1155,VEHICLE,0,0
53.6536,-1468.5547,-0.0015,1.9554,VEHICLE,0,0
53.4764,-1463.5823,0.0769,1.6753,VEHICLE,0,0
53.2945,-1457.7458,0.1171,1.2439,VEHICLE,0,0
53.1449,-1451.7697,0.1189,0.8755,VEHICLE,0,0
53.0262,-1445.6406,0.0871,0.5770,VEHICLE,0,0
52.9467,-1440.1814,0.0446,0.3580,VEHICLE,0,0
52.8893,-1434.6537,-0.0022,0.1753,VEHICLE,0,0
52.8532,-1429.0687,-0.0490,0.0208,VEHICLE,0,0
52.8384,-1424.2653,-0.0851,359.9062,VEHICLE,0,0
52.8356,-1419.4346,-0.1116,359.7187,VEHICLE,0,0
52.8528,-1413.8641,-0.1205,359.4592,VEHICLE,0,0
52.8953,-1408.2919,-0.1095,359.2354,VEHICLE,0,0
52.9498,-1403.5444,-0.0898,359.0854,VEHICLE,0,0
53.0060,-1399.5828,-0.0690,358.9867,VEHICLE,0,0
53.1051,-1393.6512,-0.0350,358.8741,VEHICLE,0,0
53.1962,-1388.8037,-0.0104,358.8062,VEHICLE,0,0
53.2941,-1383.9681,0.0078,358.7557,VEHICLE,0,0
53.3977,-1379.1083,0.0183,358.7182,VEHICLE,0,0
53.5060,-1374.2015,0.0219,358.6900,VEHICLE,0,0
53.6432,-1368.1339,0.0201,358.6651,VEHICLE,0,0
53.7655,-1362.8217,0.0144,358.6569,VEHICLE,0,0
53.8812,-1357.8286,0.0052,358.6611,VEHICLE,0,0
53.9975,-1352.8099,-0.0078,358.6661,VEHICLE,0,0
54.1143,-1347.7611,-0.0236,358.6694,VEHICLE,0,0
54.2507,-1341.8546,-0.0434,358.6715,VEHICLE,0,0
54.3678,-1336.7905,-0.0606,358.6713,VEHICLE,0,0
54.4659,-1332.5590,-0.0745,358.6698,VEHICLE,0,0
54.6233,-1325.7844,-0.0907,358.6652,VEHICLE,0,0
54.7439,-1320.5604,-0.0967,358.5860,VEHICLE,0,0
54.8677,-1315.2969,-0.1160,358.1794,VEHICLE,0,0
55.0369,-1309.4829,-0.1325,357.5679,VEHICLE,0,0
55.2565,-1303.7858,-0.1177,357.0465,VEHICLE,0,0
55.4822,-1299.0193,-0.0823,356.7018,VEHICLE,0,0
55.6494,-1295.8713,-0.0517,356.4931,VEHICLE,0,0
55.9207,-1291.1564,-0.0186,356.0023,VEHICLE,0,0
56.2236,-1286.4186,-0.0203,355.0923,VEHICLE,0,0
56.6478,-1280.8835,-0.0680,353.4274,VEHICLE,0,0
57.1026,-1276.2250,-0.1303,351.5912,VEHICLE,0,0
57.5628,-1272.4652,-0.1891,349.8599,VEHICLE,0,0
58.5146,-1266.5194,-0.2914,346.7992,VEHICLE,0,0
59.1752,-1263.3549,-0.3424,345.1086,VEHICLE,0,0
59.8849,-1260.4714,-0.3883,343.7966,VEHICLE,0,0
60.5771,-1257.9688,-0.4145,342.9092,VEHICLE,0,0
61.2820,-1255.6014,-0.3498,342.2394,VEHICLE,0,0
61.9989,-1253.3019,-0.2704,341.5499,VEHICLE,0,0
62.7173,-1251.0948,-0.2659,340.6732,VEHICLE,0,0
63.4494,-1248.9399,-0.3107,339.4164,VEHICLE,0,0
64.2398,-1246.7347,-0.3420,337.3527,VEHICLE,0,0
65.2668,-1244.1453,-0.3357,334.0040,VEHICLE,0,0
66.3805,-1241.7150,-0.3579,330.8425,VEHICLE,0,0
67.5388,-1239.5179,-0.4025,328.5153,VEHICLE,0,0
68.8012,-1237.3988,-0.3287,326.7466,VEHICLE,0,0
69.9832,-1235.5599,-0.2107,325.6368,VEHICLE,0,0
71.4825,-1233.3372,-0.0887,324.6791,VEHICLE,0,0
72.8606,-1231.3625,-0.0386,324.0616,VEHICLE,0,0
74.0172,-1229.7441,-0.0712,323.6618,VEHICLE,0,0
76.3406,-1226.5760,-0.1247,323.2904,VEHICLE,0,0
78.1784,-1224.1082,-0.1244,323.1707,VEHICLE,0,0
80.0770,-1221.5719,-0.0807,323.1103,VEHICLE,0,0
81.7513,-1219.3414,-0.0461,323.0837,VEHICLE,0,0
84.0554,-1216.2811,-0.0569,323.1783,VEHICLE,0,0
85.8587,-1213.8904,-0.0968,323.7530,VEHICLE,0,0
87.6350,-1211.5046,-0.2109,324.6990,VEHICLE,0,0
89.2904,-1209.2185,-0.3874,325.8402,VEHICLE,0,0
90.7331,-1207.1437,-0.5261,327.1171,VEHICLE,0,0
92.0832,-1205.0929,-0.5502,328.4913,VEHICLE,0,0
93.1717,-1203.3434,-0.4632,329.6471,VEHICLE,0,0
94.1485,-1201.6951,-0.3129,330.5949,VEHICLE,0,0
95.0089,-1200.1863,-0.1478,331.2414,VEHICLE,0,0
95.9113,-1198.5613,0.0047,331.8067,VEHICLE,0,0
96.8757,-1196.8010,0.1018,332.8283,VEHICLE,0,0
97.8882,-1194.8912,0.1314,334.1575,VEHICLE,0,0
98.9219,-1192.8386,0.1164,335.3923,VEHICLE,0,0
100.1346,-1190.2855,0.0735,336.6317,VEHICLE,0,0
101.3502,-1187.5859,0.0224,338.3255,VEHICLE,0,0
102.5334,-1184.7678,-0.0241,341.0377,VEHICLE,0,0
103.7483,-1181.4442,-0.0168,345.2965,VEHICLE,0,0
104.6260,-1178.4619,0.0053,349.8668,VEHICLE,0,0
105.3580,-1174.9568,0.0448,355.8349,VEHICLE,0,0
105.7078,-1171.8704,0.0947,1.4657,VEHICLE,0,0
105.7735,-1169.1078,0.1347,6.4545,VEHICLE,0,0
105.5438,-1165.9718,0.2052,11.2741,VEHICLE,0,0
105.0227,-1162.8079,0.2293,15.1851,VEHICLE,0,0
104.2355,-1159.5201,0.1612,18.6016,VEHICLE,0,0
103.0411,-1155.6313,-0.0830,22.8706,VEHICLE,0,0
101.7364,-1152.2172,-0.3689,26.9490,VEHICLE,0,0
100.3232,-1149.1665,-0.5502,30.5674,VEHICLE,0,0
98.7265,-1146.3209,-0.4811,33.7356,VEHICLE,0,0
97.0166,-1143.6642,-0.3561,36.0408,VEHICLE,0,0
95.1302,-1140.9917,-0.2649,37.6978,VEHICLE,0,0
93.0774,-1138.2710,-0.2333,38.8769,VEHICLE,0,0
90.5326,-1135.0712,-0.2440,39.8395,VEHICLE,0,0
88.2154,-1132.2686,-0.3010,40.4637,VEHICLE,0,0
85.9745,-1129.6320,-0.4733,40.9477,VEHICLE,0,0
83.7840,-1127.1034,-0.5584,41.1435,VEHICLE,0,0
81.6638,-1124.6851,-0.5325,40.5980,VEHICLE,0,0
79.6703,-1122.3888,-0.5294,39.5245,VEHICLE,0,0
77.9553,-1120.3555,-0.5204,37.8988,VEHICLE,0,0
76.3113,-1118.3120,-0.4276,34.8446,VEHICLE,0,0
74.7580,-1116.1895,-0.2708,30.5208,VEHICLE,0,0
73.1289,-1113.5959,-0.0861,24.4342,VEHICLE,0,0
71.8665,-1111.1259,0.0446,18.3255,VEHICLE,0,0
70.7037,-1108.0851,0.1553,11.0859,VEHICLE,0,0
69.9106,-1104.8199,0.2218,5.1649,VEHICLE,0,0
69.4771,-1101.3666,0.2445,0.6531,VEHICLE,0,0
69.3379,-1098.1661,0.1933,357.5341,VEHICLE,0,0
69.3937,-1094.8063,0.0997,355.1153,VEHICLE,0,0
69.6498,-1090.9954,-0.0766,353.4506,VEHICLE,0,0
70.0173,-1087.5503,-0.2243,352.8643,VEHICLE,0,0
70.3358,-1084.9429,-0.2022,352.6076,VEHICLE,0,0
70.6995,-1081.9657,-0.0836,352.6624,VEHICLE,0,0
71.0326,-1079.2114,0.0338,352.8480,VEHICLE,0,0
71.3895,-1076.2682,0.0760,353.1810,VEHICLE,0,0
71.9122,-1071.9805,-0.0475,354.3770,VEHICLE,0,0
72.2638,-1068.8785,-0.3164,355.3655,VEHICLE,0,0
72.5388,-1065.9764,-0.3973,356.1671,VEHICLE,0,0
72.7470,-1063.0879,-0.3050,356.8118,VEHICLE,0,0
72.9246,-1060.0734,-0.1975,357.3555,VEHICLE,0,0
73.0820,-1056.8917,-0.1419,357.8358,VEHICLE,0,0
73.2020,-1054.0150,-0.1626,358.1568,VEHICLE,0,0
73.3091,-1051.0057,-0.2364,358.3911,VEHICLE,0,0
73.4052,-1047.8777,-0.3375,358.5209,VEHICLE,0,0
73.4944,-1044.6511,-0.4381,358.5962,VEHICLE,0,0
73.5783,-1041.4146,-0.5150,358.6582,VEHICLE,0,0
73.6579,-1038.3533,-0.6386,358.9132,VEHICLE,0,0
73.7280,-1035.2111,-0.7479,359.3578,VEHICLE,0,0
73.7652,-1032.6259,-0.7471,359.6552,VEHICLE,0,0
73.7844,-1030.2084,-0.5910,359.8442,VEHICLE,0,0
73.7947,-1027.7085,-0.3902,359.9711,VEHICLE,0,0
73.7982,-1025.5741,-0.3067,0.0496,VEHICLE,0,0
73.7977,-1023.4711,-0.3458,0.1046,VEHICLE,0,0
73.7940,-1021.2698,-0.4440,0.1253,VEHICLE,0,0
73.7887,-1018.9630,-0.5128,0.1233,VEHICLE,0,0
73.7830,-1016.5861,-0.5137,0.1154,VEHICLE,0,0
73.7775,-1014.1039,-0.4482,0.1017,VEHICLE,0,0
73.7728,-1011.6214,-0.3448,0.0803,VEHICLE,0,0
73.7687,-1009.0446,-0.2388,0.0536,VEHICLE,0,0
73.7652,-1006.3715,-0.1599,0.0229,VEHICLE,0,0
73.7620,-1003.5806,-0.1142,359.9926,VEHICLE,0,0
73.7593,-1000.6719,-0.0958,359.9689,VEHICLE,0,0
73.7572,-997.6468,-0.0945,359.9467,VEHICLE,0,0
73.7561,-994.5318,-0.1002,359.9207,VEHICLE,0,0
73.7567,-991.3347,-0.1016,359.8949,VEHICLE,0,0
73.7593,-988.0688,-0.0850,359.8697,VEHICLE,0,0
73.7639,-984.7552,-0.0513,359.8485,VEHICLE,0,0
73.7703,-981.3813,0.0007,359.8317,VEHICLE,0,0
73.7782,-977.9232,0.0537,359.8163,VEHICLE,0,0
73.7875,-974.9797,0.0851,359.9132,VEHICLE,0,0
73.7994,-970.7321,0.0808,0.4845,VEHICLE,0,0
73.7844,-966.9810,0.0421,1.0726,VEHICLE,0,0
73.7357,-963.1486,-0.0258,1.5917,VEHICLE,0,0
73.6456,-958.8254,-0.2280,2.0252,VEHICLE,0,0
73.5348,-954.8956,-0.4786,2.3368,VEHICLE,0,0
73.4242,-951.7062,-0.6035,2.7918,VEHICLE,0,0
73.3161,-949.1651,-0.5725,3.6832,VEHICLE,0,0
73.1846,-946.7450,-0.4419,5.8412,VEHICLE,0,0
72.9608,-944.2402,-0.3014,8.3521,VEHICLE,0,0
72.5475,-941.1838,-0.2055,10.8025,VEHICLE,0,0
72.0532,-938.3151,-0.2250,13.0767,VEHICLE,0,0
71.4353,-935.3062,-0.3382,16.2505,VEHICLE,0,0
70.7085,-932.4214,-0.5240,19.3799,VEHICLE,0,0
70.0126,-930.1621,-0.6699,21.8028,VEHICLE,0,0
69.0257,-927.5599,-0.6237,24.8354,VEHICLE,0,0
68.0562,-925.3926,-0.4253,26.9245,VEHICLE,0,0
66.9567,-923.1535,-0.2293,28.8563,VEHICLE,0,0
65.6061,-920.6064,-0.1375,31.7335,VEHICLE,0,0
64.1521,-918.1304,-0.1731,35.3091,VEHICLE,0,0
62.4901,-915.6265,-0.2570,39.6435,VEHICLE,0,0
60.3725,-912.8904,-0.3336,45.0993,VEHICLE,0,0
58.5049,-910.8464,-0.4338,49.1895,VEHICLE,0,0
56.7281,-909.1833,-0.5051,52.5006,VEHICLE,0,0
55.0308,-907.8007,-0.4866,55.6659,VEHICLE,0,0
53.2353,-906.5057,-0.3946,59.7803,VEHICLE,0,0
51.2884,-905.2904,-0.3078,64.6714,VEHICLE,0,0
49.2985,-904.2548,-0.3033,69.1721,VEHICLE,0,0
47.3270,-903.4160,-0.3815,73.1333,VEHICLE,0,0
45.2859,-902.7209,-0.4646,77.2829,VEHICLE,0,0
43.3588,-902.2255,-0.5273,80.4578,VEHICLE,0,0
41.4317,-901.8659,-0.4784,82.8564,VEHICLE,0,0
39.3823,-901.5847,-0.3411,84.6341,VEHICLE,0,0
37.1608,-901.3544,-0.2122,85.9334,VEHICLE,0,0
35.1257,-901.1905,-0.1611,86.7612,VEHICLE,0,0
33.1033,-901.0608,-0.2118,87.4753,VEHICLE,0,0
30.9736,-900.9503,-0.3061,88.4386,VEHICLE,0,0
28.3576,-900.8627,-0.3635,89.5660,VEHICLE,0,0
26.0563,-900.8286,-0.3354,90.3760,VEHICLE,0,0
23.7037,-900.8291,-0.2571,91.0284,VEHICLE,0,0
21.3820,-900.8557,-0.2223,91.5385,VEHICLE,0,0
18.6761,-900.9128,-0.2022,92.2563,VEHICLE,0,0
16.0839,-900.9966,-0.2491,92.8106,VEHICLE,0,0
13.9879,-901.0837,-0.3276,93.1252,VEHICLE,0,0
11.9240,-901.1836,-0.3427,93.5833,VEHICLE,0,0
9.4634,-901.3271,-0.2523,94.3860,VEHICLE,0,0
6.8952,-901.5139,-0.1286,95.1186,VEHICLE,0,0
4.5611,-901.7116,-0.0562,95.6359,VEHICLE,0,0
1.6528,-901.9862,-0.0456,96.1210,VEHICLE,0,0
-0.9791,-902.2561,-0.0908,96.4467,VEHICLE,0,0
-3.7242,-902.5557,-0.1479,96.7048,VEHICLE,0,0
-6.5472,-902.8793,-0.1812,96.9123,VEHICLE,0,0
-9.4317,-903.2230,-0.1823,97.0804,VEHICLE,0,0
-12.9035,-903.6495,-0.1776,97.2241,VEHICLE,0,0
-16.0027,-904.0399,-0.2010,97.2689,VEHICLE,0,0
-19.1981,-904.4528,-0.2518,96.8745,VEHICLE,0,0
-23.0084,-904.9296,-0.2930,95.7898,VEHICLE,0,0
-26.2544,-905.2870,-0.2620,94.8836,VEHICLE,0,0
-30.0295,-905.6354,-0.1646,94.0270,VEHICLE,0,0
-33.9088,-905.9283,-0.0596,93.3160,VEHICLE,0,0
-37.3197,-906.1464,-0.0305,92.8189,VEHICLE,0,0
-41.2012,-906.3649,-0.1547,92.4312,VEHICLE,0,0
-44.9710,-906.5442,-0.2623,92.1589,VEHICLE,0,0
-48.0707,-906.6698,-0.2328,92.0175,VEHICLE,0,0
-51.1261,-906.7819,-0.1319,91.9222,VEHICLE,0,0
-54.7082,-906.9055,-0.0580,91.8390,VEHICLE,0,0
-57.7072,-907.0031,-0.1457,91.7521,VEHICLE,0,0
-60.9568,-907.1021,-0.3365,91.4620,VEHICLE,0,0
-64.1018,-907.1868,-0.3882,90.7271,VEHICLE,0,0
-66.6187,-907.2309,-0.4729,89.7463,VEHICLE,0,0
-69.2785,-907.2351,-0.5576,88.2934,VEHICLE,0,0
-71.3267,-907.1954,-0.5878,86.8591,VEHICLE,0,0
-73.1795,-907.1173,-0.5801,85.3279,VEHICLE,0,0
-74.8927,-907.0022,-0.5515,83.7293,VEHICLE,0,0
-76.5015,-906.8513,-0.5218,82.0946,VEHICLE,0,0
-78.1070,-906.6624,-0.4974,79.9516,VEHICLE,0,0
-79.8107,-906.4098,-0.4699,76.7256,VEHICLE,0,0
-81.5942,-906.0562,-0.4281,72.6306,VEHICLE,0,0
-83.3048,-905.6010,-0.3990,68.8826,VEHICLE,0,0
-84.8774,-905.0696,-0.3865,65.7562,VEHICLE,0,0
-86.3219,-904.4826,-0.3768,63.1351,VEHICLE,0,0
-87.7587,-903.8172,-0.3644,60.0017,VEHICLE,0,0
-89.2541,-903.0306,-0.3520,56.0071,VEHICLE,0,0
-90.7874,-902.0936,-0.3417,51.3024,VEHICLE,0,0
-92.4912,-900.8466,-0.3613,45.9207,VEHICLE,0,0
-93.9908,-899.5194,-0.4364,41.4222,VEHICLE,0,0
-95.2848,-898.1580,-0.5224,37.7629,VEHICLE,0,0
-96.4622,-896.7108,-0.5401,34.9144,VEHICLE,0,0
-97.6345,-895.0850,-0.4603,32.7313,VEHICLE,0,0
-98.7435,-893.4050,-0.3998,31.0985,VEHICLE,0,0
-99.7565,-891.7568,-0.4123,29.8624,VEHICLE,0,0
-100.6857,-890.1553,-0.4740,28.9218,VEHICLE,0,0
-101.6082,-888.4781,-0.5084,28.7999,VEHICLE,0,0
-102.5759,-886.6830,-0.4760,29.9615,VEHICLE,0,0
-103.4655,-885.0961,-0.4000,31.3147,VEHICLE,0,0
-104.7323,-882.9722,-0.3533,32.7940,VEHICLE,0,0
-105.7752,-881.3181,-0.3765,33.6743,VEHICLE,0,0
-106.9121,-879.5905,-0.3637,34.3324,VEHICLE,0,0
-108.1524,-877.7596,-0.3061,34.7953,VEHICLE,0,0
-109.5608,-875.7162,-0.2484,35.4094,VEHICLE,0,0
-110.8738,-873.8550,-0.2877,36.0087,VEHICLE,0,0
-112.1495,-872.0906,-0.3946,36.4961,VEHICLE,0,0
-113.4758,-870.2904,-0.4270,36.8839,VEHICLE,0,0
-114.8801,-868.4120,-0.3661,37.1836,VEHICLE,0,0
-116.3798,-866.4328,-0.2797,37.2204,VEHICLE,0,0
-117.7113,-864.6808,-0.2270,37.1529,VEHICLE,0,0
-119.5788,-862.2185,-0.1862,37.0467,VEHICLE,0,0
-121.6349,-859.4994,-0.2957,36.4615,VEHICLE,0,0
-123.2099,-857.3886,-0.4161,35.5268,VEHICLE,0,0
-124.7102,-855.3155,-0.6033,34.1450,VEHICLE,0,0
-126.0011,-853.4451,-0.7301,32.4412,VEHICLE,0,0
-127.0891,-851.7705,-0.7386,30.5077,VEHICLE,0,0
-128.0071,-850.2556,-0.6582,28.4957,VEHICLE,0,0
-128.7124,-849.0033,-0.5668,26.7965,VEHICLE,0,0
-129.4368,-847.6128,-0.4876,25.1673,VEHICLE,0,0
-130.0492,-846.3474,-0.4589,23.9997,VEHICLE,0,0
-130.5739,-845.2024,-0.4673,23.1627,VEHICLE,0,0
-131.1387,-843.9177,-0.4994,22.2854,VEHICLE,0,0
-131.7297,-842.5537,-0.5327,20.2546,VEHICLE,0,0
-132.3546,-841.0005,-0.5366,16.3923,VEHICLE,0,0
-132.9410,-839.1962,-0.5075,11.8989,VEHICLE,0,0
-133.3298,-837.5487,-0.4491,8.4018,VEHICLE,0,0
-133.6252,-835.7609,-0.3708,5.4955,VEHICLE,0,0
-133.8270,-834.0126,-0.3600,3.3884,VEHICLE,0,0
-133.9472,-832.4916,-0.4060,1.8287,VEHICLE,0,0
-134.0292,-830.6411,-0.4938,0.2650,VEHICLE,0,0
-134.0498,-829.0272,-0.5208,359.2283,VEHICLE,0,0
-134.0361,-827.2648,-0.4502,358.4431,VEHICLE,0,0
-133.9990,-825.3286,-0.3498,357.4897,VEHICLE,0,0
-133.9454,-823.6029,-0.3139,356.1688,VEHICLE,0,0
-133.8567,-821.9033,-0.3486,354.8173,VEHICLE,0,0
-133.7190,-820.1014,-0.3970,353.4236,VEHICLE,0,0
-133.5222,-818.1862,-0.4094,352.1753,VEHICLE,0,0
-133.2671,-816.1776,-0.3829,351.1480,VEHICLE,0,0
-132.9337,-813.8917,-0.3949,350.2901,VEHICLE,0,0
-132.5629,-811.6183,-0.4377,349.6501,VEHICLE,0,0
-132.1523,-809.3102,-0.4124,349.0630,VEHICLE,0,0
-131.7907,-807.3787,-0.4220,348.5935,VEHICLE,0,0
-131.4017,-805.4024,-0.4200,348.1514,VEHICLE,0,0
-130.9731,-803.3201,-0.3899,347.7761,VEHICLE,0,0
-130.5054,-801.1278,-0.3508,347.4821,VEHICLE,0,0
-129.9987,-798.8177,-0.3292,347.2644,VEHICLE,0,0
-129.4617,-796.4208,-0.3436,347.1061,VEHICLE,0,0
-128.9268,-794.0720,-0.4273,346.9875,VEHICLE,0,0
-128.3792,-791.6927,-0.4664,346.9165,VEHICLE,0,0
-127.8165,-789.2761,-0.4232,347.0293,VEHICLE,0,0
-127.1675,-786.4848,-0.3512,347.5610,VEHICLE,0,0
-126.6552,-784.2102,-0.3597,347.9683,VEHICLE,0,0
-126.1855,-782.0549,-0.4108,348.2874,VEHICLE,0,0
-125.7582,-780.0347,-0.4667,348.5142,VEHICLE,0,0
-125.3753,-778.1692,-0.4961,348.5191,VEHICLE,0,0
-124.9483,-776.0101,-0.4388,347.5044,VEHICLE,0,0
-124.5526,-774.0975,-0.3443,345.5946,VEHICLE,0,0
-124.0849,-772.1074,-0.2470,342.9846,VEHICLE,0,0
-123.5029,-770.0330,-0.1583,340.4103,VEHICLE,0,0
-122.7903,-767.8698,-0.0982,338.1861,VEHICLE,0,0
-121.9544,-765.6332,-0.0742,336.3495,VEHICLE,0,0
-121.0584,-763.4344,-0.1365,335.0052,VEHICLE,0,0
-119.9799,-760.9869,-0.3032,334.1440,VEHICLE,0,0
-118.9937,-758.9126,-0.3873,334.3810,VEHICLE,0,0
-118.0089,-756.8758,-0.3601,335.4752,VEHICLE,0,0
-116.9050,-754.4890,-0.2233,336.8941,VEHICLE,0,0
-115.9649,-752.3251,-0.0830,337.9974,VEHICLE,0,0
-115.0172,-750.0220,0.0053,338.9994,VEHICLE,0,0
-113.8863,-747.1432,0.0028,340.0591,VEHICLE,0,0
-112.7249,-744.0568,-0.1068,340.9897,VEHICLE,0,0
-111.5509,-740.7936,-0.2736,341.7757,VEHICLE,0,0
-110.5606,-737.9031,-0.3855,342.3325,VEHICLE,0,0
-109.6092,-734.9974,-0.4218,342.7816,VEHICLE,0,0
-108.5480,-731.6254,-0.3624,343.1857,VEHICLE,0,0
-107.5205,-728.2626,-0.2272,343.4820,VEHICLE,0,0
-106.6344,-725.3062,-0.1062,343.6599,VEHICLE,0,0
-105.5783,-721.7218,-0.0171,343.7842,VEHICLE,0,0
-104.3295,-717.4148,-0.0131,343.8313,VEHICLE,0,0
-103.3610,-714.0454,-0.0615,343.8210,VEHICLE,0,0
-102.1572,-709.8567,-0.1203,343.7812,VEHICLE,0,0
-100.9734,-705.7587,-0.1420,343.7325,VEHICLE,0,0
-99.9458,-702.2216,-0.1286,343.6920,VEHICLE,0,0
-98.4483,-697.0941,-0.0696,343.6513,VEHICLE,0,0
-97.3220,-693.2505,-0.0355,343.6389,VEHICLE,0,0
-96.1980,-689.4224,-0.0265,343.6431,VEHICLE,0,0
-94.8773,-684.9308,-0.0262,343.6563,VEHICLE,0,0
-93.4892,-680.2147,-0.0335,343.6550,VEHICLE,0,0
-92.2148,-675.8955,-0.1724,343.6234,VEHICLE,0,0
-91.1906,-672.4271,-0.3383,343.6043,VEHICLE,0,0
-89.9247,-668.1497,-0.3999,344.0680,VEHICLE,0,0
-88.7687,-664.1599,-0.3493,345.7817,VEHICLE,0,0
-87.9429,-661.0338,-0.3541,347.4028,VEHICLE,0,0
-87.0946,-657.4328,-0.4287,348.9122,VEHICLE,0,0
-86.4544,-654.3050,-0.3960,349.9892,VEHICLE,0,0
-85.8636,-651.1212,-0.3161,351.4977,VEHICLE,0,0
-85.2646,-647.3499,-0.2401,353.7377,VEHICLE,0,0
-84.7836,-643.3806,-0.2049,355.6819,VEHICLE,0,0
-84.4044,-638.9522,-0.2081,357.2627,VEHICLE,0,0
-84.1792,-635.1998,-0.2399,358.4100,VEHICLE,0,0
-84.0539,-632.2728,-0.3462,359.4502,VEHICLE,0,0
-83.9707,-627.6866,-0.3197,2.4296,VEHICLE,0,0
-84.0518,-624.3965,-0.2328,5.4692,VEHICLE,0,0
-84.2960,-621.0945,-0.1318,9.0160,VEHICLE,0,0
-84.7072,-617.9062,-0.1446,11.9305,VEHICLE,0,0
-85.2599,-614.8651,-0.2604,14.0932,VEHICLE,0,0
-85.9452,-611.9178,-0.2893,15.7293,VEHICLE,0,0
-86.6669,-609.1832,-0.3374,16.9677,VEHICLE,0,0
-87.4424,-606.5233,-0.2981,18.7399,VEHICLE,0,0
-88.1501,-604.3293,-0.2619,20.1954,VEHICLE,0,0
-89.1033,-601.6523,-0.2970,21.6596,VEHICLE,0,0
-89.8301,-599.7616,-0.3559,22.5545,VEHICLE,0,0
-90.5382,-598.0077,-0.4106,23.4980,VEHICLE,0,0
-91.3336,-596.1329,-0.4486,24.7769,VEHICLE,0,0
-92.1222,-594.3676,-0.4506,26.5031,VEHICLE,0,0
-93.0010,-592.5373,-0.3955,29.0575,VEHICLE,0,0
-94.0260,-590.6290,-0.3008,31.4107,VEHICLE,0,0
-95.0365,-588.9145,-0.2344,33.0803,VEHICLE,0,0
-96.3076,-586.8976,-0.2422,34.5867,VEHICLE,0,0
-97.6016,-584.9529,-0.3578,35.7072,VEHICLE,0,0
-99.7140,-581.9839,-0.3979,36.9489,VEHICLE,0,0
-101.3848,-579.7425,-0.3275,37.4958,VEHICLE,0,0
-102.8081,-577.8840,-0.2560,37.3687,VEHICLE,0,0
-104.5624,-575.6046,-0.1974,36.4218,VEHICLE,0,0
-106.3597,-573.2102,-0.1635,35.4045,VEHICLE,0,0
-108.0722,-570.8698,-0.2410,34.6960,VEHICLE,0,0
-109.6585,-568.6475,-0.3827,34.2534,VEHICLE,0,0
-111.0626,-566.6319,-0.4839,34.1504,VEHICLE,0,0
-112.3359,-564.7584,-0.4469,34.6751,VEHICLE,0,0
-113.4972,-563.0506,-0.3217,36.1437,VEHICLE,0,0
-114.8049,-561.2256,-0.1540,37.9492,VEHICLE,0,0
-116.3649,-559.1837,-0.0256,39.6894,VEHICLE,0,0
-118.1111,-557.0212,-0.0157,41.2075,VEHICLE,0,0
-120.0379,-554.7365,-0.1154,42.5086,VEHICLE,0,0
-122.1251,-552.3619,-0.2619,43.5735,VEHICLE,0,0
-124.2956,-549.9916,-0.4067,44.3602,VEHICLE,0,0
-126.3685,-547.8002,-0.6002,44.9242,VEHICLE,0,0
-128.2178,-545.9096,-0.7252,45.2853,VEHICLE,0,0
-129.8025,-544.3279,-0.7220,45.4948,VEHICLE,0,0
-131.2153,-542.9320,-0.6324,45.7328,VEHICLE,0,0
-132.4545,-541.7036,-0.4999,46.4878,VEHICLE,0,0
-134.0072,-540.1904,-0.3594,48.4940,VEHICLE,0,0
-135.7206,-538.6121,-0.2768,51.6622,VEHICLE,0,0
-137.3409,-537.2399,-0.2541,55.1718,VEHICLE,0,0
-139.4056,-535.6815,-0.2598,60.0075,VEHICLE,0,0
-141.6455,-534.2502,-0.2663,65.3417,VEHICLE,0,0
-144.0561,-533.0225,-0.2381,70.1317,VEHICLE,0,0
-146.2508,-532.1360,-0.1990,73.5040,VEHICLE,0,0
-148.9739,-531.2459,-0.1802,77.0159,VEHICLE,0,0
-151.4480,-530.5830,-0.2148,80.2522,VEHICLE,0,0
-154.4747,-529.9566,-0.2838,84.4643,VEHICLE,0,0
-157.5455,-529.5563,-0.2950,88.7849,VEHICLE,0,0
-160.5842,-529.4092,-0.1931,92.3833,VEHICLE,0,0
-163.6641,-529.4712,-0.0473,95.1889,VEHICLE,0,0
-166.8640,-529.7039,0.0594,97.3040,VEHICLE,0,0
-170.2483,-530.0878,0.0578,98.8442,VEHICLE,0,0
-173.8251,-530.6080,-0.0650,99.9351,VEHICLE,0,0
-177.0209,-531.1417,-0.2228,100.8635,VEHICLE,0,0
-180.7367,-531.8368,-0.4633,102.2803,VEHICLE,0,0
-183.9825,-532.5228,-0.6085,103.5567,VEHICLE,0,0
-186.8760,-533.2028,-0.5095,104.5915,VEHICLE,0,0
-189.2739,-533.8111,-0.3311,105.3627,VEHICLE,0,0
-192.1770,-534.5848,-0.1735,106.8159,VEHICLE,0,0
-195.2235,-535.4608,-0.1251,109.0726,VEHICLE,0,0
-198.3821,-536.4872,-0.1182,111.3509,VEHICLE,0,0
-201.1720,-537.5092,-0.0915,112.9623,VEHICLE,0,0
-204.5505,-538.8800,-0.0264,114.5913,VEHICLE,0,0
-207.8654,-540.3319,-0.0220,116.6434,VEHICLE,0,0
-211.2794,-541.9542,-0.1333,119.4650,VEHICLE,0,0
-214.7165,-543.7748,-0.2914,122.7279,VEHICLE,0,0
-218.4649,-546.0612,-0.3767,125.8597,VEHICLE,0,0
-221.4979,-548.1652,-0.3369,127.8950,VEHICLE,0,0
-223.9917,-550.0490,-0.2394,129.2511,VEHICLE,0,0
-227.3783,-552.7766,-0.0854,130.6292,VEHICLE,0,0
-230.3285,-555.2686,0.0001,131.4413,VEHICLE,0,0
-233.3356,-557.8942,0.0512,132.0192,VEHICLE,0,0
-235.9691,-560.2456,0.0669,132.5950,VEHICLE,0,0
-239.1138,-563.1188,0.0220,133.4785,VEHICLE,0,0
-242.3523,-566.1696,-0.1087,134.2310,VEHICLE,0,0
-245.6216,-569.3323,-0.2563,134.8161,VEHICLE,0,0
-248.7834,-572.4504,-0.3223,135.6119,VEHICLE,0,0
-251.7127,-575.4128,-0.2862,136.5809,VEHICLE,0,0
-254.1067,-577.9116,-0.1963,137.2975,VEHICLE,0,0
-256.8751,-580.8886,-0.0637,137.9940,VEHICLE,0,0
-259.6828,-583.9831,0.0317,138.5435,VEHICLE,0,0
-262.9597,-587.6549,0.0583,139.4563,VEHICLE,0,0
-265.8827,-590.9993,0.0051,141.1251,VEHICLE,0,0
-268.8157,-594.5141,-0.0980,143.3277,VEHICLE,0,0
-271.2768,-597.6596,-0.2023,145.0550,VEHICLE,0,0
-274.0192,-601.4182,-0.2928,146.6541,VEHICLE,0,0
-276.4657,-605.0144,-0.2800,147.7024,VEHICLE,0,0
-278.3600,-607.9401,-0.2048,148.7880,VEHICLE,0,0
-280.4601,-611.3344,-0.1130,150.7565,VEHICLE,0,0
-282.1879,-614.2982,-0.1032,152.8617,VEHICLE,0,0
-284.0497,-617.7551,-0.2207,155.4725,VEHICLE,0,0
-285.7607,-621.3025,-0.3324,158.5801,VEHICLE,0,0
-287.2484,-624.8675,-0.3681,161.3793,VEHICLE,0,0
-288.3489,-627.9189,-0.3210,163.3191,VEHICLE,0,0
-289.4746,-631.4743,-0.2161,165.5312,VEHICLE,0,0
-290.3366,-634.5629,-0.1297,167.8596,VEHICLE,0,0
-291.2076,-638.2673,-0.0413,170.6989,VEHICLE,0,0
-291.9132,-642.0870,0.0362,173.0658,VEHICLE,0,0
-292.4014,-645.4788,0.0710,174.6977,VEHICLE,0,0
-292.8635,-649.5934,0.0360,176.6270,VEHICLE,0,0
-293.2115,-653.8815,-0.1157,179.1498,VEHICLE,0,0
-293.3828,-657.6655,-0.2939,181.7941,VEHICLE,0,0
-293.3902,-661.3900,-0.4373,184.3904,VEHICLE,0,0
-293.1823,-665.4084,-0.4701,186.7894,VEHICLE,0,0
-292.8013,-669.0496,-0.3584,188.5615,VEHICLE,0,0
-292.3828,-672.0303,-0.1945,189.7663,VEHICLE,0,0
-291.9004,-675.0279,-0.0419,191.2117,VEHICLE,0,0
-291.3377,-678.1052,0.0552,193.0113,VEHICLE,0,0
-290.6642,-681.2709,0.1079,194.7010,VEHICLE,0,0
-289.8708,-684.5283,0.1112,196.1184,VEHICLE,0,0
-288.9637,-687.8725,0.0613,197.2659,VEHICLE,0,0
-287.9587,-691.2853,-0.0161,198.3411,VEHICLE,0,0
-286.8659,-694.7503,-0.0968,199.6877,VEHICLE,0,0
-285.6826,-698.2186,-0.1496,201.0508,VEHICLE,0,0
-284.4286,-701.6271,-0.2333,202.1950,VEHICLE,0,0
-283.1637,-704.8546,-0.4135,203.1225,VEHICLE,0,0
-281.9627,-707.7610,-0.6031,204.0178,VEHICLE,0,0
-280.7621,-710.5190,-0.6989,205.2874,VEHICLE,0,0
-279.8441,-712.5295,-0.6392,207.1068,VEHICLE,0,0
-278.9051,-714.4578,-0.5113,209.8673,VEHICLE,0,0
-277.8597,-716.4017,-0.3952,213.4521,VEHICLE,0,0
-276.6888,-718.3270,-0.3414,217.5008,VEHICLE,0,0
-275.2284,-720.4101,-0.4049,221.6555,VEHICLE,0,0
-273.7018,-722.2932,-0.5458,225.4680,VEHICLE,0,0
-272.2812,-723.8163,-0.5951,229.4483,VEHICLE,0,0
-270.7890,-725.1962,-0.5448,233.6150,VEHICLE,0,0
-269.1947,-726.4500,-0.4266,237.2615,VEHICLE,0,0
-267.5873,-727.5549,-0.3500,240.0616,VEHICLE,0,0
-265.8923,-728.5865,-0.3121,242.3139,VEHICLE,0,0
-264.0436,-729.6016,-0.2934,244.0934,VEHICLE,0,0
-262.0527,-730.6063,-0.3043,245.3779,VEHICLE,0,0
-260.0714,-731.5411,-0.3914,246.2551,VEHICLE,0,0
-258.1146,-732.4157,-0.5116,246.9044,VEHICLE,0,0
-256.1196,-733.2772,-0.5266,247.3432,VEHICLE,0,0
-254.0936,-734.1332,-0.4445,247.6870,VEHICLE,0,0
-251.9942,-735.0012,-0.3267,247.7659,VEHICLE,0,0
-249.8430,-735.8746,-0.2499,247.2508,VEHICLE,0,0
-247.7582,-736.7302,-0.2676,246.4470,VEHICLE,0,0
-245.6475,-737.6270,-0.3144,245.4576,VEHICLE,0,0
-243.4835,-738.5920,-0.3121,244.5138,VEHICLE,0,0
-241.3010,-739.6111,-0.2764,243.7271,VEHICLE,0,0
-239.2134,-740.6229,-0.2997,243.1094,VEHICLE,0,0
-237.2233,-741.6176,-0.3635,242.6361,VEHICLE,0,0
-235.2257,-742.6411,-0.3564,242.2837,VEHICLE,0,0
-233.1700,-743.7130,-0.2875,242.0137,VEHICLE,0,0
-231.0479,-744.8292,-0.2076,241.5461,VEHICLE,0,0
-228.6493,-746.1106,-0.1376,240.6137,VEHICLE,0,0
-226.3386,-747.3871,-0.0979,239.7515,VEHICLE,0,0
-223.9476,-748.7543,-0.0821,239.0193,VEHICLE,0,0
-221.4861,-750.2057,-0.0829,238.4215,VEHICLE,0,0
-218.9622,-751.7338,-0.0886,237.9457,VEHICLE,0,0
-216.3674,-753.3439,-0.1048,237.8139,VEHICLE,0,0
-213.7008,-755.0172,-0.1312,237.9420,VEHICLE,0,0
-210.9512,-756.7422,-0.1621,238.1261,VEHICLE,0,0
-208.1201,-758.5101,-0.1937,238.3167,VEHICLE,0,0
-205.2262,-760.3054,-0.2083,238.4937,VEHICLE,0,0
-202.2760,-762.1226,-0.1953,238.6453,VEHICLE,0,0
-199.2785,-763.9571,-0.1595,238.7658,VEHICLE,0,0
-196.3529,-765.7442,-0.2026,238.7996,VEHICLE,0,0
-193.5618,-767.4465,-0.3362,238.6756,VEHICLE,0,0
-191.0067,-769.0049,-0.4884,238.2360,VEHICLE,0,0
-188.8070,-770.3587,-0.5779,237.4607,VEHICLE,0,0
-186.8970,-771.5579,-0.5643,236.2847,VEHICLE,0,0
-185.0716,-772.7435,-0.4487,234.3356,VEHICLE,0,0
-183.2753,-773.9827,-0.3213,231.8238,VEHICLE,0,0
-181.5932,-775.2364,-0.2668,229.5299,VEHICLE,0,0
-180.0124,-776.5084,-0.2864,227.4262,VEHICLE,0,0
-178.4720,-777.8475,-0.3203,225.0052,VEHICLE,0,0
-176.9362,-779.3134,-0.3011,222.6856,VEHICLE,0,0
-175.4159,-780.8999,-0.2344,220.7654,VEHICLE,0,0
-173.8936,-782.6097,-0.1607,219.2204,VEHICLE,0,0
-172.3424,-784.4536,-0.1110,217.8068,VEHICLE,0,0
-170.7456,-786.4424,-0.1137,216.0851,VEHICLE,0,0
-169.1331,-788.5623,-0.1656,213.8564,VEHICLE,0,0
-167.5408,-790.8113,-0.2248,211.1176,VEHICLE,0,0
-166.0305,-793.1528,-0.2488,207.9771,VEHICLE,0,0
-164.6363,-795.5795,-0.2353,204.4923,VEHICLE,0,0
-163.3758,-798.1062,-0.2060,200.7689,VEHICLE,0,0
-162.2614,-800.7603,-0.1783,197.3624,VEHICLE,0,0
-161.2858,-803.5581,-0.1671,194.4751,VEHICLE,0,0
-160.4347,-806.4980,-0.1804,192.1019,VEHICLE,0,0
-159.6965,-809.5579,-0.2154,190.3412,VEHICLE,0,0
-159.0543,-812.7200,-0.2722,189.5253,VEHICLE,0,0
-158.5281,-815.6511,-0.3216,189.6692,VEHICLE,0,0
-157.9626,-818.9278,-0.3429,190.2587,VEHICLE,0,0
-157.3871,-822.1965,-0.3471,190.8070,VEHICLE,0,0
-156.8436,-825.1843,-0.3913,191.0464,VEHICLE,0,0
-156.2980,-828.0144,-0.3346,191.1397,VEHICLE,0,0
-155.7552,-830.7348,-0.2147,191.0762,VEHICLE,0,0
-155.2471,-833.3261,-0.1692,190.8967,VEHICLE,0,0
-154.7736,-835.8199,-0.1996,191.0357,VEHICLE,0,0
-154.2976,-838.3535,-0.2374,192.0548,VEHICLE,0,0
-153.7821,-840.9269,-0.2434,193.7744,VEHICLE,0,0
-153.1891,-843.5139,-0.1882,195.5458,VEHICLE,0,0
-152.5319,-846.0344,-0.1681,197.0031,VEHICLE,0,0
-151.8351,-848.4459,-0.2430,198.1618,VEHICLE,0,0
-150.9699,-851.1812,-0.3642,199.2654,VEHICLE,0,0
-150.0266,-853.9443,-0.3696,200.1166,VEHICLE,0,0
-149.0152,-856.7609,-0.2982,200.9019,VEHICLE,0,0
-147.9764,-859.5393,-0.2893,202.0190,VEHICLE,0,0
-147.0345,-861.9409,-0.3245,203.3264,VEHICLE,0,0
-145.8265,-864.8177,-0.3466,204.7954,VEHICLE,0,0
-144.6915,-867.3470,-0.3512,205.8328,VEHICLE,0,0
-143.4737,-869.9246,-0.3364,206.6684,VEHICLE,0,0
-142.1860,-872.5430,-0.2991,207.4137,VEHICLE,0,0
-140.8391,-875.2043,-0.2553,208.5557,VEHICLE,0,0
-139.4164,-877.9104,-0.2195,210.3109,VEHICLE,0,0
-137.9060,-880.6214,-0.2040,212.6413,VEHICLE,0,0
-136.2857,-883.3159,-0.2307,215.3479,VEHICLE,0,0
-134.6379,-885.8286,-0.3503,217.6935,VEHICLE,0,0
-132.9991,-888.0952,-0.4625,219.5369,VEHICLE,0,0
-131.3045,-890.2192,-0.4231,220.9797,VEHICLE,0,0
-129.6674,-892.1380,-0.2805,222.0605,VEHICLE,0,0
-127.9667,-894.0629,-0.1402,223.5812,VEHICLE,0,0
-126.1563,-896.0334,-0.0706,225.8638,VEHICLE,0,0
-124.1972,-898.0334,-0.0815,228.7980,VEHICLE,0,0
-122.0786,-900.0054,-0.1304,231.6957,VEHICLE,0,0
-119.8071,-901.9149,-0.1754,234.1438,VEHICLE,0,0
-117.4183,-903.7416,-0.1897,236.2662,VEHICLE,0,0
-114.9242,-905.4908,-0.1717,238.3821,VEHICLE,0,0
-112.3352,-907.1553,-0.1254,240.2338,VEHICLE,0,0
-109.6296,-908.7639,-0.0834,241.7771,VEHICLE,0,0
-106.7831,-910.3520,-0.0789,243.2607,VEHICLE,0,0
-103.8054,-911.9230,-0.1328,245.1246,VEHICLE,0,0
-100.7178,-913.4374,-0.2049,247.2026,VEHICLE,0,0
-97.5611,-914.8472,-0.2408,249.0271,VEHICLE,0,0
-94.3761,-916.1379,-0.2294,250.5028,VEHICLE,0,0
-91.2580,-917.3005,-0.2264,251.7441,VEHICLE,0,0
-88.2736,-918.3365,-0.2632,253.1137,VEHICLE,0,0
-85.3457,-919.2745,-0.2511,254.9846,VEHICLE,0,0
-82.4257,-920.1102,-0.1880,257.0480,VEHICLE,0,0
-79.4827,-920.8396,-0.0840,258.8617,VEHICLE,0,0
-76.4354,-921.4901,0.0031,260.3599,VEHICLE,0,0
-73.2571,-922.0791,0.0304,261.6167,VEHICLE,0,0
-69.9344,-922.6238,-0.0314,263.0972,VEHICLE,0,0
-66.4711,-923.1130,-0.1637,265.0312,VEHICLE,0,0
-62.9318,-923.5032,-0.2919,267.0209,VEHICLE,0,0
-59.3912,-923.7674,-0.3702,268.7046,VEHICLE,0,0
-55.9060,-923.9095,-0.3854,270.0381,VEHICLE,0,0
-52.5001,-923.9506,-0.3338,271.0543,VEHICLE,0,0
-49.1385,-923.9182,-0.2352,271.8264,VEHICLE,0,0
-45.7394,-923.8329,-0.1233,272.4300,VEHICLE,0,0
-41.6452,-923.6805,-0.0371,273.0336,VEHICLE,0,0
-38.0062,-923.5057,-0.0296,273.4331,VEHICLE,0,0
-34.2359,-923.2917,-0.0788,273.7263,VEHICLE,0,0
-29.7283,-923.0023,-0.1679,273.9488,VEHICLE,0,0
-25.8014,-922.7288,-0.2231,273.9148,VEHICLE,0,0
-21.9001,-922.4539,-0.2334,273.7502,VEHICLE,0,0
-18.1058,-922.1965,-0.1906,273.6033,VEHICLE,0,0
-14.3951,-921.9573,-0.1022,273.4960,VEHICLE,0,0
-11.3006,-921.7653,-0.0087,273.4132,VEHICLE,0,0
-7.6071,-921.5398,0.0435,273.2089,VEHICLE,0,0
-3.8900,-921.3192,-0.0584,272.6512,VEHICLE,0,0
-0.4015,-921.1359,-0.2613,271.6905,VEHICLE,0,0
2.7489,-921.0159,-0.4601,270.2738,VEHICLE,0,0
4.9480,-920.9774,-0.5390,268.7249,VEHICLE,0,0
7.1277,-920.9969,-0.5262,266.5397,VEHICLE,0,0
9.0033,-921.0778,-0.4524,264.2051,VEHICLE,0,0
10.7270,-921.2161,-0.3711,261.8503,VEHICLE,0,0
12.4781,-921.4189,-0.3051,258.8378,VEHICLE,0,0
14.3647,-921.7231,-0.2804,254.9530,VEHICLE,0,0
16.3583,-922.1719,-0.3084,250.7174,VEHICLE,0,0
18.3553,-922.7660,-0.3875,247.1382,VEHICLE,0,0
20.2273,-923.4481,-0.5214,244.5295,VEHICLE,0,0
21.6639,-924.0546,-0.6217,243.1400,VEHICLE,0,0
23.2093,-924.7833,-0.6756,242.5332,VEHICLE,0,0
24.6940,-925.5452,-0.6118,243.0661,VEHICLE,0,0
26.2229,-926.3299,-0.4531,244.0721,VEHICLE,0,0
27.8381,-927.1250,-0.2671,245.0130,VEHICLE,0,0
29.5826,-927.9464,-0.1119,245.8418,VEHICLE,0,0
31.3407,-928.7527,-0.0562,246.4422,VEHICLE,0,0
33.0741,-929.5350,-0.1175,246.7487,VEHICLE,0,0
34.7633,-930.2913,-0.2654,246.6685,VEHICLE,0,0
36.3843,-931.0168,-0.4344,246.1251,VEHICLE,0,0
37.8889,-931.6955,-0.5504,245.1368,VEHICLE,0,0
39.2581,-932.3262,-0.5776,243.8967,VEHICLE,0,0
40.5747,-932.9509,-0.5196,242.1750,VEHICLE,0,0
41.9564,-933.6443,-0.4150,239.4769,VEHICLE,0,0
43.5319,-934.5181,-0.3059,235.5461,VEHICLE,0,0
45.0638,-935.4771,-0.2623,231.0112,VEHICLE,0,0
46.6368,-936.6061,-0.2906,225.7226,VEHICLE,0,0
48.1488,-937.8740,-0.3905,220.6750,VEHICLE,0,0
49.4722,-939.1824,-0.5297,216.8397,VEHICLE,0,0
50.5878,-940.4803,-0.6360,214.1813,VEHICLE,0,0
51.0719,-941.1104,-0.6626,213.2962,VEHICLE,0,0
52.3487,-942.9778,-0.5948,211.6986,VEHICLE,0,0
53.1486,-944.2444,-0.4668,210.7971,VEHICLE,0,0
53.9603,-945.5694,-0.2875,210.0464,VEHICLE,0,0
54.8624,-947.0673,-0.1353,208.8984,VEHICLE,0,0
55.8474,-948.7787,-0.0995,206.5947,VEHICLE,0,0
56.7434,-950.4765,-0.1572,203.8448,VEHICLE,0,0
57.7445,-952.6118,-0.2567,201.0089,VEHICLE,0,0
58.5690,-954.5967,-0.3347,199.0214,VEHICLE,0,0
59.3472,-956.6969,-0.3644,197.3453,VEHICLE,0,0
60.0732,-958.8784,-0.3401,195.6135,VEHICLE,0,0
60.8554,-961.5448,-0.2729,193.6711,VEHICLE,0,0
61.4637,-963.8809,-0.2532,192.3523,VEHICLE,0,0
62.0035,-966.1617,-0.3170,191.3654,VEHICLE,0,0
62.5044,-968.5146,-0.3557,190.5662,VEHICLE,0,0
62.9799,-970.9401,-0.3378,189.7569,VEHICLE,0,0
63.4352,-973.4219,-0.2946,188.4041,VEHICLE,0,0
63.8492,-975.9904,-0.2391,186.7657,VEHICLE,0,0
64.2051,-978.6752,-0.1872,185.3035,VEHICLE,0,0
64.5024,-981.4879,-0.1623,184.1179,VEHICLE,0,0
64.7454,-984.4019,-0.1567,183.1449,VEHICLE,0,0
64.9443,-987.3923,-0.1389,181.9737,VEHICLE,0,0
65.0921,-990.4355,-0.0938,180.2655,VEHICLE,0,0
65.1574,-993.5004,-0.0180,178.4925,VEHICLE,0,0
65.1279,-996.6525,0.0474,176.9264,VEHICLE,0,0
65.0077,-999.9189,0.0465,175.5707,VEHICLE,0,0
64.8438,-1002.7279,-0.0123,174.6073,VEHICLE,0,0
64.5756,-1006.1970,-0.1324,173.6444,VEHICLE,0,0
64.2337,-1009.7631,-0.2669,172.8717,VEHICLE,0,0
63.8233,-1013.4129,-0.3866,172.2126,VEHICLE,0,0
63.3583,-1017.0636,-0.4632,171.6199,VEHICLE,0,0
62.8574,-1020.6248,-0.4693,171.1131,VEHICLE,0,0
62.3510,-1023.9664,-0.3829,170.6474,VEHICLE,0,0
61.8471,-1027.1084,-0.2224,170.2229,VEHICLE,0,0
61.3274,-1030.2034,-0.0250,169.8722,VEHICLE,0,0
60.7723,-1033.3781,0.1483,169.5990,VEHICLE,0,0
60.1816,-1036.6499,0.2625,169.3758,VEHICLE,0,0
59.5570,-1040.0316,0.3068,169.1974,VEHICLE,0,0
58.8358,-1043.8727,0.3123,169.0437,VEHICLE,0,0
58.1457,-1047.5072,0.2576,168.9077,VEHICLE,0,0
57.4236,-1051.2682,0.1205,168.8132,VEHICLE,0,0
56.6725,-1055.1270,-0.0955,169.0172,VEHICLE,0,0
55.9081,-1059.0679,-0.3206,169.4792,VEHICLE,0,0
55.1485,-1063.0840,-0.5120,169.9193,VEHICLE,0,0
54.4436,-1066.9124,-0.6706,170.2826,VEHICLE,0,0
53.8439,-1070.2778,-0.6581,170.9008,VEHICLE,0,0
53.3262,-1073.3519,-0.5773,172.1251,VEHICLE,0,0
52.8908,-1076.2317,-0.4499,173.9979,VEHICLE,0,0
52.5507,-1078.9915,-0.2888,176.5397,VEHICLE,0,0
52.3212,-1081.7252,-0.1147,179.7489,VEHICLE,0,0
52.2280,-1084.4335,0.0376,183.3344,VEHICLE,0,0
52.2800,-1087.0125,0.0919,186.5443,VEHICLE,0,0
52.4746,-1089.5431,0.1098,190.0502,VEHICLE,0,0
52.8364,-1092.1017,0.1356,193.5924,VEHICLE,0,0
53.4859,-1095.1801,0.1016,197.1215,VEHICLE,0,0
54.2347,-1097.9247,-0.0280,199.6185,VEHICLE,0,0
55.1420,-1100.7484,-0.2843,201.6685,VEHICLE,0,0
56.1398,-1103.4810,-0.4272,203.3327,VEHICLE,0,0
57.4830,-1106.7626,-0.4268,205.0396,VEHICLE,0,0
58.9505,-1110.0179,-0.3628,206.3169,VEHICLE,0,0
60.2764,-1112.7722,-0.2533,207.1328,VEHICLE,0,0
61.6698,-1115.5343,-0.1272,207.4667,VEHICLE,0,0
63.1283,-1118.3505,-0.0230,207.1214,VEHICLE,0,0
64.6181,-1121.2368,0.0693,206.5495,VEHICLE,0,0
66.1286,-1124.2137,0.1466,205.9883,VEHICLE,0,0
67.6629,-1127.2977,0.1871,205.4726,VEHICLE,0,0
69.2271,-1130.5015,0.1732,204.9444,VEHICLE,0,0
70.8305,-1133.8367,0.0813,204.0273,VEHICLE,0,0
72.3995,-1137.1787,-0.1292,202.7651,VEHICLE,0,0
73.8769,-1140.4690,-0.4674,201.3622,VEHICLE,0,0
75.3563,-1144.0294,-0.6114,199.9173,VEHICLE,0,0
76.3802,-1146.7285,-0.6416,199.0081,VEHICLE,0,0
77.1892,-1149.0073,-0.6231,198.3095,VEHICLE,0,0
77.8273,-1150.8993,-0.5334,197.6975,VEHICLE,0,0
78.3502,-1152.5125,-0.3777,197.1888,VEHICLE,0,0
78.8124,-1153.9752,-0.1601,196.5212,VEHICLE,0,0
79.2823,-1155.5015,0.0901,195.2060,VEHICLE,0,0
79.7648,-1157.1658,0.2823,193.1470,VEHICLE,0,0
80.2439,-1158.9958,0.3694,190.3303,VEHICLE,0,0
80.7318,-1161.2087,0.2973,186.9960,VEHICLE,0,0
81.1684,-1163.7334,-0.0531,183.6387,VEHICLE,0,0
81.4411,-1165.9269,-0.4431,181.1934,VEHICLE,0,0
81.5770,-1168.2213,-0.6680,179.2685,VEHICLE,0,0
81.6044,-1170.5269,-0.7824,177.8047,VEHICLE,0,0
81.5617,-1172.6210,-0.8323,176.3164,VEHICLE,0,0
81.4830,-1174.3607,-0.7664,174.1993,VEHICLE,0,0
81.3450,-1176.1536,-0.6486,171.1895,VEHICLE,0,0
81.0655,-1178.3342,-0.5137,166.8076,VEHICLE,0,0
80.6082,-1180.6211,-0.3976,161.6432,VEHICLE,0,0
80.0461,-1182.6222,-0.3086,156.7272,VEHICLE,0,0
79.1518,-1184.9575,-0.1957,151.0583,VEHICLE,0,0
77.9787,-1187.2556,-0.0696,146.3866,VEHICLE,0,0
76.7452,-1189.2423,0.0073,143.0795,VEHICLE,0,0
75.0916,-1191.5596,0.0261,140.0021,VEHICLE,0,0
73.4910,-1193.5818,-0.0273,137.9404,VEHICLE,0,0
71.5848,-1195.8114,-0.1999,136.2574,VEHICLE,0,0
69.9648,-1197.5654,-0.3292,135.4726,VEHICLE,0,0
68.0997,-1199.4823,-0.2830,135.5696,VEHICLE,0,0
66.3519,-1201.2698,-0.1760,135.9874,VEHICLE,0,0
64.3143,-1203.3678,-0.1266,136.5508,VEHICLE,0,0
61.6245,-1206.1636,-0.1635,137.2312,VEHICLE,0,0
59.3036,-1208.6088,-0.2273,137.7084,VEHICLE,0,0
56.9629,-1211.1217,-0.2761,138.1455,VEHICLE,0,0
54.5737,-1213.7441,-0.3066,138.6507,VEHICLE,0,0
52.1529,-1216.4639,-0.3165,139.1089,VEHICLE,0,0
49.6990,-1219.2758,-0.3030,139.4620,VEHICLE,0,0
47.5949,-1221.7223,-0.2848,139.6963,VEHICLE,0,0
45.2534,-1224.4789,-0.3729,140.1069,VEHICLE,0,0
43.6587,-1226.3724,-0.4531,140.7547,VEHICLE,0,0
41.0108,-1229.5890,-0.4600,143.1172,VEHICLE,0,0
39.0115,-1232.1771,-0.3831,145.9605,VEHICLE,0,0
37.1290,-1234.8475,-0.2797,149.5195,VEHICLE,0,0
35.3652,-1237.6685,-0.1963,153.7094,VEHICLE,0,0
33.7607,-1240.6471,-0.1589,158.4127,VEHICLE,0,0
32.3726,-1243.7354,-0.1917,163.1583,VEHICLE,0,0
31.4249,-1246.2836,-0.3223,166.3697,VEHICLE,0,0
30.6551,-1248.8741,-0.4650,169.4458,VEHICLE,0,0
30.0424,-1251.6840,-0.4771,173.2854,VEHICLE,0,0
29.7059,-1253.9557,-0.3900,176.5812,VEHICLE,0,0
29.5063,-1256.2769,-0.2533,179.5307,VEHICLE,0,0
29.4272,-1259.0845,-0.1059,182.2680,VEHICLE,0,0
29.4598,-1261.1774,-0.0494,183.7829,VEHICLE,0,0
29.6677,-1264.8131,-0.1588,185.8201,VEHICLE,0,0
29.8944,-1267.2684,-0.2983,186.8828,VEHICLE,0,0
30.1780,-1269.7836,-0.3626,187.8210,VEHICLE,0,0
30.5047,-1272.3009,-0.3447,188.6056,VEHICLE,0,0
30.8546,-1274.7115,-0.3656,189.2328,VEHICLE,0,0
31.2159,-1276.9907,-0.4312,189.5215,VEHICLE,0,0
31.6659,-1279.6284,-0.4551,188.6873,VEHICLE,0,0
32.1047,-1282.3193,-0.4122,186.4393,VEHICLE,0,0
32.4564,-1285.0800,-0.3095,183.7393,VEHICLE,0,0
32.6884,-1287.9608,-0.1840,181.4319,VEHICLE,0,0
32.8070,-1290.9958,-0.0956,179.5801,VEHICLE,0,0
32.8276,-1294.1921,-0.0703,178.1156,VEHICLE,0,0
32.7622,-1297.5559,-0.0979,176.9729,VEHICLE,0,0
32.6225,-1300.9526,-0.1321,176.1198,VEHICLE,0,0
32.4049,-1304.5635,-0.1606,175.7215,VEHICLE,0,0
32.1330,-1308.2671,-0.1938,176.3341,VEHICLE,0,0
31.8713,-1312.0482,-0.2035,177.5714,VEHICLE,0,0
31.6746,-1315.9033,-0.1679,178.7596,VEHICLE,0,0
31.5556,-1319.8613,-0.1118,179.7810,VEHICLE,0,0
31.5068,-1323.9064,-0.0689,180.6245,VEHICLE,0,0
31.5167,-1328.0798,-0.0562,181.3110,VEHICLE,0,0
31.5787,-1332.3495,-0.0679,181.8515,VEHICLE,0,0
31.6711,-1336.0974,-0.0772,182.2251,VEHICLE,0,0
31.8199,-1340.5597,-0.0678,182.7748,VEHICLE,0,0
32.0193,-1345.0951,-0.0504,183.3203,VEHICLE,0,0
32.2323,-1349.0592,-0.0404,183.6909,VEHICLE,0,0
32.5242,-1353.7716,-0.0327,184.0054,VEHICLE,0,0
32.8533,-1358.5708,-0.0243,184.2431,VEHICLE,0,0
33.1606,-1362.7874,-0.0221,184.5546,VEHICLE,0,0
33.5531,-1367.7917,-0.0257,184.9345,VEHICLE,0,0
33.9836,-1372.8744,-0.0336,185.2399,VEHICLE,0,0
34.3917,-1377.4231,-0.0427,185.4449,VEHICLE,0,0
34.8326,-1382.1449,-0.0538,185.6059,VEHICLE,0,0
35.3631,-1387.6483,-0.0618,185.7594,VEHICLE,0,0
35.8352,-1392.4293,-0.0535,185.9888,VEHICLE,0,0
36.3776,-1397.7151,-0.0305,186.2645,VEHICLE,0,0
36.9509,-1403.0514,-0.0041,186.5082,VEHICLE,0,0
37.4663,-1407.6707,0.0131,186.6835,VEHICLE,0,0
38.0940,-1413.1278,0.0097,186.8503,VEHICLE,0,0
38.7487,-1418.6713,-0.0231,186.9804,VEHICLE,0,0
39.4253,-1424.2762,-0.0641,187.0767,VEHICLE,0,0
40.0776,-1429.5857,-0.0925,187.1434,VEHICLE,0,0
40.6665,-1434.3164,-0.1003,187.1942,VEHICLE,0,0
41.2839,-1439.2279,-0.0858,187.2417,VEHICLE,0,0
41.8688,-1443.8479,-0.0536,187.2787,VEHICLE,0,0
42.4572,-1448.4711,-0.0142,187.3033,VEHICLE,0,0
43.0537,-1453.1368,0.0107,187.3025,VEHICLE,0,0
43.6576,-1457.8464,0.0020,187.2593,VEHICLE,0,0
44.2672,-1462.6130,-0.0292,187.2050,VEHICLE,0,0
44.8797,-1467.4282,-0.0667,187.1560,VEHICLE,0,0
45.4882,-1472.2415,-0.0994,187.1126,VEHICLE,0,0
46.0897,-1477.0161,-0.1138,186.9561,VEHICLE,0,0
46.6703,-1481.6808,-0.1214,186.4635,VEHICLE,0,0
47.2112,-1486.2455,-0.1330,185.5631,VEHICLE,0,0
47.6779,-1490.6793,-0.1234,184.5844,VEHICLE,0,0
48.1104,-1495.6409,-0.0624,183.6571,VEHICLE,0,0
48.4510,-1500.5612,0.0248,182.9246,VEHICLE,0,0
48.6930,-1504.8392,0.0386,182.3981,VEHICLE,0,0
48.8880,-1508.8665,-0.0393,181.9284,VEHICLE,0,0
49.0998,-1514.0247,-0.2344,181.0510,VEHICLE,0,0
49.2465,-1519.2052,-0.4515,179.7074,VEHICLE,0,0
49.2798,-1523.3014,-0.4821,178.6983,VEHICLE,0,0
49.2335,-1526.6962,-0.3602,178.0303,VEHICLE,0,0
49.1244,-1530.1118,-0.1045,177.5825,VEHICLE,0,0
49.0052,-1532.9139,0.1588,177.3400,VEHICLE,0,0
48.8706,-1535.8278,0.3659,177.0959,VEHICLE,0,0
48.6995,-1539.4231,0.4607,176.3805,VEHICLE,0,0
48.4878,-1543.1787,0.3754,175.4813,VEHICLE,0,0
48.2106,-1547.1312,0.1604,174.6578,VEHICLE,0,0
47.8619,-1551.2626,-0.1378,173.9643,VEHICLE,0,0
47.4430,-1555.5568,-0.5277,173.3889,VEHICLE,0,0
47.0416,-1559.2350,-0.7899,172.9658,VEHICLE,0,0
46.6417,-1562.6062,-0.7341,172.5106,VEHICLE,0,0
46.1863,-1566.1951,-0.5693,171.4677,VEHICLE,0,0
45.7744,-1569.0862,-0.3707,170.2650,VEHICLE,0,0
45.2212,-1572.4323,-0.1018,168.9600,VEHICLE,0,0
44.5792,-1575.8341,0.1459,167.9224,VEHICLE,0,0
43.9561,-1578.8547,0.3287,167.2836,VEHICLE,0,0
43.2783,-1581.9530,0.4522,167.1282,VEHICLE,0,0
42.4356,-1585.7483,0.5012,167.3196,VEHICLE,0,0
41.5676,-1589.7104,0.4319,167.4921,VEHICLE,0,0
40.6720,-1593.8474,0.2413,167.5705,VEHICLE,0,0
39.7359,-1598.1583,-0.0010,167.5833,VEHICLE,0,0
38.7640,-1602.5771,-0.2653,167.5363,VEHICLE,0,0
37.8939,-1606.4791,-0.5009,167.4905,VEHICLE,0,0
36.9298,-1610.7635,-0.6659,167.4144,VEHICLE,0,0
36.0040,-1614.8850,-0.6060,167.2454,VEHICLE,0,0
34.9981,-1619.3616,-0.4298,166.9834,VEHICLE,0,0
34.1064,-1623.2574,-0.2288,166.7010,VEHICLE,0,0
33.1871,-1627.1732,-0.0152,166.4157,VEHICLE,0,0
32.2443,-1631.1042,0.2183,166.2140,VEHICLE,0,0
31.2746,-1635.0927,0.4396,166.0860,VEHICLE,0,0
30.1167,-1639.8378,0.5568,165.8313,VEHICLE,0,0
29.2150,-1643.5352,0.5174,165.6045,VEHICLE,0,0
27.8329,-1649.1625,0.3552,165.2812,VEHICLE,0,0
26.6265,-1653.9731,0.1725,165.0846,VEHICLE,0,0
25.4185,-1658.6941,-0.1076,164.9118,VEHICLE,0,0
24.1609,-1663.4912,-0.4253,164.7527,VEHICLE,0,0
22.7051,-1668.8918,-0.6957,164.5655,VEHICLE,0,0
21.5270,-1673.1738,-0.7538,164.2532,VEHICLE,0,0
20.4974,-1676.8439,-0.6408,163.8340,VEHICLE,0,0
19.6766,-1679.6801,-0.4753,163.9933,VEHICLE,0,0
18.7434,-1682.8926,-0.2549,165.1502,VEHICLE,0,0
17.8502,-1686.1655,-0.0380,166.6691,VEHICLE,0,0
17.0060,-1689.5880,0.1313,167.9887,VEHICLE,0,0
16.1985,-1693.2341,0.2703,169.0342,VEHICLE,0,0
15.4008,-1697.2266,0.4191,169.8528,VEHICLE,0,0
14.6902,-1701.0397,0.5146,170.9119,VEHICLE,0,0
14.0090,-1705.0504,0.4444,172.6308,VEHICLE,0,0
13.4026,-1709.2384,0.1879,174.6353,VEHICLE,0,0
12.9028,-1713.5819,-0.1729,176.4326,VEHICLE,0,0
12.4832,-1718.6237,-0.5358,177.9754,VEHICLE,0,0
12.2573,-1722.9019,-0.7273,178.9145,VEHICLE,0,0
12.1491,-1726.6134,-0.7075,179.4047,VEHICLE,0,0
12.0976,-1729.7947,-0.5383,180.2041,VEHICLE,0,0
12.0848,-1732.8149,-0.3002,181.8457,VEHICLE,0,0
12.1499,-1735.8774,-0.0517,183.9499,VEHICLE,0,0
12.3280,-1739.0538,0.1342,185.7701,VEHICLE,0,0
12.5302,-1741.4432,0.2021,186.8242,VEHICLE,0,0
12.9982,-1745.6361,0.2365,188.1608,VEHICLE,0,0
13.4210,-1748.7881,0.1980,188.8576,VEHICLE,0,0
13.9943,-1752.6235,0.0750,189.4507,VEHICLE,0,0
14.6400,-1756.6289,-0.1365,189.9195,VEHICLE,0,0
15.3399,-1760.7397,-0.3380,190.4319,VEHICLE,0,0
16.1420,-1765.1824,-0.4191,190.8968,VEHICLE,0,0
16.8649,-1768.9930,-0.3703,191.2253,VEHICLE,0,0
17.6225,-1772.8459,-0.2788,191.4911,VEHICLE,0,0
18.4138,-1776.7697,-0.2028,191.6832,VEHICLE,0,0
19.2346,-1780.7666,-0.1388,191.7987,VEHICLE,0,0
20.0729,-1784.8090,-0.0411,191.9854,VEHICLE,0,0
20.9220,-1788.8523,0.0861,192.5889,VEHICLE,0,0
21.9546,-1793.5404,0.2408,193.3273,VEHICLE,0,0
22.9378,-1797.7708,0.3184,193.8604,VEHICLE,0,0
24.1548,-1802.7976,0.2355,194.3675,VEHICLE,0,0
25.2589,-1807.3271,-0.0796,194.8536,VEHICLE,0,0
26.5801,-1812.5692,-0.3591,195.3248,VEHICLE,0,0
27.9264,-1817.6017,-0.2998,195.6128,VEHICLE,0,0
29.1922,-1822.1770,-0.1229,195.7601,VEHICLE,0,0
30.2406,-1825.9084,0.1037,195.8922,VEHICLE,0,0
31.4751,-1830.2772,0.3117,196.3994,VEHICLE,0,0
32.4865,-1833.7625,0.3425,196.8597,VEHICLE,0,0
33.6957,-1837.8774,0.1862,197.2856,VEHICLE,0,0
34.9668,-1842.1158,-0.1880,197.6033,VEHICLE,0,0
36.2865,-1846.3418,-0.2431,197.8480,VEHICLE,0,0
37.6258,-1850.5497,-0.2096,198.3612,VEHICLE,0,0
39.0138,-1854.8081,-0.1892,199.5862,VEHICLE,0,0
40.5585,-1859.2717,-0.1871,201.2498,VEHICLE,0,0
42.3843,-1864.1069,-0.1326,202.7473,VEHICLE,0,0
44.2317,-1868.6158,0.0108,203.6688,VEHICLE,0,0
46.0616,-1872.8361,0.1826,204.3227,VEHICLE,0,0
47.8314,-1876.8068,0.2204,204.8465,VEHICLE,0,0
49.7222,-1881.0294,0.0120,205.2680,VEHICLE,0,0
51.6359,-1885.2170,-0.3851,205.6580,VEHICLE,0,0
53.5764,-1889.3228,-0.3711,206.3140,VEHICLE,0,0
55.4879,-1893.2344,-0.2818,206.9612,VEHICLE,0,0
57.3166,-1896.8647,-0.1082,207.5307,VEHICLE,0,0
59.1274,-1900.3704,0.1096,207.9881,VEHICLE,0,0
61.0295,-1903.9796,0.2440,208.3188,VEHICLE,0,0
63.0056,-1907.7128,0.1557,208.7683,VEHICLE,0,0
65.0637,-1911.5425,-0.1301,209.5745,VEHICLE,0,0
67.4979,-1915.9061,-0.4044,210.5740,VEHICLE,0,0
69.5713,-1919.4746,-0.4871,211.2479,VEHICLE,0,0
71.5980,-1922.8467,-0.4427,211.7825,VEHICLE,0,0
73.5857,-1926.0844,-0.3329,212.6406,VEHICLE,0,0
75.5665,-1929.2218,-0.1826,214.0224,VEHICLE,0,0
77.5671,-1932.2375,0.0334,215.2888,VEHICLE,0,0
79.9415,-1935.6375,0.2817,216.3966,VEHICLE,0,0
82.5137,-1939.1744,0.3705,217.2791,VEHICLE,0,0
84.8760,-1942.3826,0.2098,217.8825,VEHICLE,0,0
87.7036,-1946.1692,-0.2520,218.6870,VEHICLE,0,0
90.9765,-1950.3276,-0.2861,219.6429,VEHICLE,0,0
94.4072,-1954.5011,-0.1672,220.4048,VEHICLE,0,0
97.5034,-1958.1683,-0.0579,221.1186,VEHICLE,0,0
100.7260,-1961.8937,0.0132,222.3178,VEHICLE,0,0
103.6351,-1965.1364,0.1002,223.2878,VEHICLE,0,0
107.0976,-1968.8606,0.1833,224.1505,VEHICLE,0,0
110.2776,-1972.1914,0.1260,224.9072,VEHICLE,0,0
114.0442,-1976.0945,-0.2210,226.1482,VEHICLE,0,0
117.8309,-1979.8507,-0.3311,228.0846,VEHICLE,0,0
121.8230,-1983.5133,-0.2206,230.4581,VEHICLE,0,0
125.2487,-1986.3864,-0.0262,232.1701,VEHICLE,0,0
128.8391,-1989.2047,0.1335,233.5639,VEHICLE,0,0
132.1269,-1991.6783,0.1232,234.7450,VEHICLE,0,0
136.0720,-1994.5305,-0.0495,236.6533,VEHICLE,0,0
140.2097,-1997.3373,-0.2581,239.2457,VEHICLE,0,0
144.5125,-1999.9945,-0.4328,241.7142,VEHICLE,0,0
148.7989,-2002.3801,-0.4904,243.5371,VEHICLE,0,0
152.5992,-2004.3145,-0.3501,244.5823,VEHICLE,0,0
155.6321,-2005.7806,-0.1315,245.7942,VEHICLE,0,0
158.6905,-2007.1923,0.0684,247.9754,VEHICLE,0,0
161.9307,-2008.5696,0.1421,251.0532,VEHICLE,0,0
165.4062,-2009.8597,0.0933,254.0933,VEHICLE,0,0
169.6225,-2011.1774,-0.0552,256.8994,VEHICLE,0,0
173.4796,-2012.1857,-0.2015,258.8091,VEHICLE,0,0
176.8972,-2012.9573,-0.3431,260.6168,VEHICLE,0,0
182.6524,-2013.9960,-0.5951,264.8061,VEHICLE,0,0
186.4195,-2014.4325,-0.6276,267.5969,VEHICLE,0,0
189.5632,-2014.6130,-0.4503,269.4990,VEHICLE,0,0
192.4067,-2014.6566,-0.1506,270.8323,VEHICLE,0,0
195.3232,-2014.6296,0.1324,271.8027,VEHICLE,0,0
198.4351,-2014.5491,0.2882,272.4835,VEHICLE,0,0
201.7307,-2014.4149,0.2578,272.6605,VEHICLE,0,0
205.2173,-2014.2415,0.0646,272.4245,VEHICLE,0,0
208.8670,-2014.0563,-0.1613,272.1036,VEHICLE,0,0
212.5515,-2013.8890,-0.2913,271.8463,VEHICLE,0,0
216.2355,-2013.7544,-0.3297,271.6757,VEHICLE,0,0
220.0047,-2013.6412,-0.3636,271.8707,VEHICLE,0,0
223.9180,-2013.5171,-0.4268,272.1877,VEHICLE,0,0
227.3207,-2013.3944,-0.4446,272.4824,VEHICLE,0,0
230.6461,-2013.2593,-0.3928,272.7141,VEHICLE,0,0
234.3119,-2013.0922,-0.2335,272.7876,VEHICLE,0,0
237.8607,-2012.9154,-0.0031,272.7775,VEHICLE,0,0
240.9504,-2012.7570,0.1850,272.8117,VEHICLE,0,0
244.7190,-2012.5673,0.2956,272.9039,VEHICLE,0,0
248.0953,-2012.4020,0.2792,273.0198,VEHICLE,0,0
252.1825,-2012.2026,0.1697,273.4075,VEHICLE,0,0
256.3856,-2011.9739,0.0693,273.8376,VEHICLE,0,0
260.0520,-2011.7468,-0.0014,274.1723,VEHICLE,0,0
264.4531,-2011.4425,-0.1323,274.5248,VEHICLE,0,0
268.5090,-2011.1366,-0.3209,274.9117,VEHICLE,0,0
273.0970,-2010.7572,-0.5210,275.6971,VEHICLE,0,0
277.2923,-2010.3549,-0.5533,276.5521,VEHICLE,0,0
280.9106,-2009.9546,-0.4043,277.2768,VEHICLE,0,0
283.8072,-2009.6008,-0.2057,277.8966,VEHICLE,0,0
286.7635,-2009.2081,-0.0190,278.6121,VEHICLE,0,0
289.8290,-2008.7637,0.0996,279.2587,VEHICLE,0,0
293.3635,-2008.2095,0.1402,279.8488,VEHICLE,0,0
296.6736,-2007.6580,0.1419,280.2679,VEHICLE,0,0
300.0537,-2007.0675,0.1510,280.5736,VEHICLE,0,0
303.4833,-2006.4452,0.1787,280.8042,VEHICLE,0,0
306.9970,-2005.7886,0.1710,281.0125,VEHICLE,0,0
310.6352,-2005.0914,0.0792,281.1958,VEHICLE,0,0
314.3899,-2004.3513,-0.1218,281.1391,VEHICLE,0,0
318.8806,-2003.4542,-0.4114,280.6902,VEHICLE,0,0
323.0152,-2002.6539,-0.3811,280.1315,VEHICLE,0,0
326.3780,-2002.0416,-0.2729,279.7926,VEHICLE,0,0
329.6441,-2001.4731,-0.1099,279.5758,VEHICLE,0,0
332.9065,-2000.9142,0.0649,279.0714,VEHICLE,0,0
336.2184,-2000.3677,0.2338,278.2247,VEHICLE,0,0
339.6279,-1999.8494,0.3620,277.3839,VEHICLE,0,0
343.1652,-1999.3636,0.4217,276.6724,VEHICLE,0,0
346.8183,-1998.9111,0.3675,276.1246,VEHICLE,0,0
350.5708,-1998.4890,0.1794,275.7130,VEHICLE,0,0
354.4159,-1998.0922,-0.1273,275.4071,VEHICLE,0,0
358.3335,-1997.7152,-0.4498,275.1712,VEHICLE,0,0
362.6591,-1997.3220,-0.6663,274.9250,VEHICLE,0,0
365.9243,-1997.0371,-0.6692,274.7623,VEHICLE,0,0
369.4395,-1996.7391,-0.5243,274.6735,VEHICLE,0,0
372.8211,-1996.4575,-0.3029,274.6719,VEHICLE,0,0
376.2923,-1996.1707,-0.0920,274.7047,VEHICLE,0,0
379.8655,-1995.8761,0.1008,274.7558,VEHICLE,0,0
383.5095,-1995.5750,0.2989,274.7922,VEHICLE,0,0
387.2872,-1995.2633,0.4461,274.8165,VEHICLE,0,0
391.2400,-1994.9399,0.4812,274.8754,VEHICLE,0,0
395.3423,-1994.6093,0.3351,274.9820,VEHICLE,0,0
399.5873,-1994.2686,0.0284,275.0528,VEHICLE,0,0
403.9299,-1993.9139,-0.2769,275.0428,VEHICLE,0,0
408.1187,-1993.5614,-0.4480,275.0143,VEHICLE,0,0
412.1126,-1993.2156,-0.4794,275.0403,VEHICLE,0,0
416.0465,-1992.8715,-0.4218,275.0903,VEHICLE,0,0
419.9738,-1992.5262,-0.3047,275.1669,VEHICLE,0,0
423.9328,-1992.1721,-0.1495,275.2921,VEHICLE,0,0
427.8817,-1991.8091,0.0434,275.4322,VEHICLE,0,0
431.8733,-1991.4325,0.2467,275.5245,VEHICLE,0,0
436.0169,-1991.0338,0.3646,275.5701,VEHICLE,0,0
440.3269,-1990.6151,0.3427,275.6106,VEHICLE,0,0
444.7941,-1990.1794,0.1854,275.6522,VEHICLE,0,0
448.7132,-1989.7958,0.0450,275.6762,VEHICLE,0,0
453.2938,-1989.3441,-0.0705,275.7127,VEHICLE,0,0
457.9415,-1988.8801,-0.1795,275.7788,VEHICLE,0,0
462.7195,-1988.3956,-0.3737,275.8297,VEHICLE,0,0
467.5253,-1987.9015,-0.5767,275.8710,VEHICLE,0,0
471.8157,-1987.4565,-0.5760,276.0237,VEHICLE,0,0
475.4321,-1987.0769,-0.3988,276.2538,VEHICLE,0,0
478.8081,-1986.7128,-0.1329,276.4239,VEHICLE,0,0
482.2797,-1986.3263,0.1002,276.5543,VEHICLE,0,0
485.9122,-1985.9128,0.1976,276.6686,VEHICLE,0,0
489.6926,-1985.4767,0.1655,276.7682,VEHICLE,0,0
493.0413,-1985.0870,0.1170,276.8240,VEHICLE,0,0
496.9734,-1984.6246,0.1160,276.8210,VEHICLE,0,0
501.0151,-1984.1460,0.1054,276.8387,VEHICLE,0,0
505.2141,-1983.6451,-0.0260,276.9041,VEHICLE,0,0
508.9184,-1983.1971,-0.2788,276.9551,VEHICLE,0,0
513.3108,-1982.6577,-0.4944,276.9840,VEHICLE,0,0
517.6586,-1982.1228,-0.4574,277.0034,VEHICLE,0,0
521.9852,-1981.5900,-0.3726,277.0191,VEHICLE,0,0
525.7275,-1981.1292,-0.2805,277.0178,VEHICLE,0,0
529.5201,-1980.6621,-0.2086,277.0149,VEHICLE,0,0
533.9834,-1980.1125,-0.1192,277.0368,VEHICLE,0,0
538.3785,-1979.5707,0.0115,277.0670,VEHICLE,0,0
542.6329,-1979.0419,0.1876,276.8542,VEHICLE,0,0
546.9191,-1978.5188,0.3333,276.3050,VEHICLE,0,0
551.3780,-1978.0037,0.3279,275.8272,VEHICLE,0,0
555.9534,-1977.4794,0.0815,275.4862,VEHICLE,0,0
560.6365,-1976.9800,-0.3408,275.2485,VEHICLE,0,0
565.2424,-1976.5399,-0.6667,275.0659,VEHICLE,0,0
569.2921,-1976.1743,-0.7507,274.9499,VEHICLE,0,0
572.8264,-1975.8660,-0.6437,274.9783,VEHICLE,0,0
575.7643,-1975.6110,-0.4851,275.0886,VEHICLE,0,0
579.9668,-1975.2373,-0.2331,275.3021,VEHICLE,0,0
583.6167,-1974.9019,-0.0394,275.4620,VEHICLE,0,0
587.2880,-1974.5559,0.1647,275.5384,VEHICLE,0,0
591.0630,-1974.1960,0.3466,275.5793,VEHICLE,0,0
594.9912,-1973.8213,0.4212,275.6837,VEHICLE,0,0
599.1045,-1973.4297,0.3395,275.8454,VEHICLE,0,0
603.3656,-1973.0210,0.0971,276.0197,VEHICLE,0,0
607.7382,-1972.5889,-0.1679,276.1633,VEHICLE,0,0
612.0707,-1972.1410,-0.3442,276.2730,VEHICLE,0,0
616.3737,-1971.6771,-0.4453,276.4140,VEHICLE,0,0
620.7289,-1971.1931,-0.5012,276.5629,VEHICLE,0,0
625.0355,-1970.7020,-0.4949,276.7572,VEHICLE,0,0
628.9522,-1970.2407,-0.4543,277.0453,VEHICLE,0,0
632.1489,-1969.8492,-0.3871,277.3398,VEHICLE,0,0
634.9492,-1969.4905,-0.1739,277.8202,VEHICLE,0,0
637.7377,-1969.1051,0.0940,278.3523,VEHICLE,0,0
640.8587,-1968.6445,0.2963,278.8822,VEHICLE,0,0
644.0119,-1968.1630,0.3199,279.3394,VEHICLE,0,0
647.3513,-1967.6409,0.2087,279.7425,VEHICLE,0,0
650.8302,-1967.0773,0.0794,280.0480,VEHICLE,0,0
654.3411,-1966.4802,0.0359,280.2499,VEHICLE,0,0
657.9133,-1965.8472,0.0257,280.4709,VEHICLE,0,0
661.6718,-1965.1591,-0.0769,280.6727,VEHICLE,0,0
665.5793,-1964.4177,-0.3360,280.5179,VEHICLE,0,0
669.5674,-1963.6561,-0.6037,280.1539,VEHICLE,0,0
673.7137,-1962.8907,-0.5572,280.1066,VEHICLE,0,0
676.5078,-1962.3925,-0.3836,280.2910,VEHICLE,0,0
679.6765,-1961.8260,-0.1379,280.4676,VEHICLE,0,0
682.7239,-1961.2694,-0.0389,280.5862,VEHICLE,0,0
685.2803,-1960.7993,-0.0902,280.7930,VEHICLE,0,0
688.3206,-1960.2413,-0.1987,282.0630,VEHICLE,0,0
691.3690,-1959.6356,-0.2321,284.5520,VEHICLE,0,0
693.8339,-1959.0576,-0.1575,287.3063,VEHICLE,0,0
696.5317,-1958.2659,0.0424,290.3105,VEHICLE,0,0
698.8085,-1957.4607,0.2425,292.4468,VEHICLE,0,0
701.4169,-1956.4302,0.3524,294.4301,VEHICLE,0,0
703.5857,-1955.5042,0.2861,296.0707,VEHICLE,0,0
705.7081,-1954.5317,0.0606,297.7845,VEHICLE,0,0
707.7634,-1953.5125,-0.2959,299.6362,VEHICLE,0,0
709.9659,-1952.3099,-0.5483,302.0064,VEHICLE,0,0
711.7165,-1951.2607,-0.6892,304.4770,VEHICLE,0,0
713.1356,-1950.3423,-0.7161,307.2661,VEHICLE,0,0
715.3630,-1948.7035,-0.6235,312.9132,VEHICLE,0,0
716.7411,-1947.5140,-0.5750,316.4309,VEHICLE,0,0
718.1554,-1946.1185,-0.5534,319.9380,VEHICLE,0,0
719.4599,-1944.6484,-0.5354,323.3006,VEHICLE,0,0
720.6635,-1943.1139,-0.5298,326.0209,VEHICLE,0,0
721.7242,-1941.6154,-0.5633,327.9851,VEHICLE,0,0
722.6896,-1940.1405,-0.6078,329.8330,VEHICLE,0,0
723.5312,-1938.7764,-0.6277,332.3346,VEHICLE,0,0
724.3377,-1937.3439,-0.6339,335.3482,VEHICLE,0,0
725.0299,-1935.9519,-0.6530,338.0276,VEHICLE,0,0
725.6293,-1934.5868,-0.6803,340.5281,VEHICLE,0,0
726.1917,-1933.1447,-0.6972,343.6570,VEHICLE,0,0
726.6528,-1931.7325,-0.7050,346.4143,VEHICLE,0,0
727.0198,-1930.3640,-0.7004,348.5648,VEHICLE,0,0
727.3286,-1928.9727,-0.6774,350.2419,VEHICLE,0,0
727.5803,-1927.6298,-0.6731,351.5275,VEHICLE,0,0
727.8042,-1926.2556,-0.6715,352.7655,VEHICLE,0,0
728.0098,-1924.7822,-0.6498,354.0378,VEHICLE,0,0
728.1763,-1923.3275,-0.6407,355.0693,VEHICLE,0,0
728.3222,-1921.7727,-0.6101,355.8546,VEHICLE,0,0
728.4538,-1920.0907,-0.5668,356.4491,VEHICLE,0,0
728.5743,-1918.2722,-0.5275,356.8847,VEHICLE,0,0
728.6857,-1916.3293,-0.4890,357.1928,VEHICLE,0,0
728.7909,-1914.2612,-0.4503,357.4081,VEHICLE,0,0
728.8934,-1912.0957,-0.4417,357.7006,VEHICLE,0,0
728.9827,-1909.9607,-0.5103,358.0101,VEHICLE,0,0
729.0635,-1907.7472,-0.5688,358.2602,VEHICLE,0,0
729.1326,-1905.5658,-0.6178,358.4605,VEHICLE,0,0
729.1927,-1903.4104,-0.6287,358.6094,VEHICLE,0,0
729.2444,-1901.3187,-0.6240,358.7327,VEHICLE,0,0
729.2933,-1899.1879,-0.5398,358.8217,VEHICLE,0,0
729.3404,-1896.9760,-0.4199,358.8982,VEHICLE,0,0
729.3848,-1894.6771,-0.3087,358.9630,VEHICLE,0,0
729.4224,-1892.4139,-0.2707,359.0357,VEHICLE,0,0
729.4582,-1890.0653,-0.2491,359.0643,VEHICLE,0,0
729.4942,-1887.6189,-0.2187,359.0754,VEHICLE,0,0
729.5311,-1885.0848,-0.1749,359.0831,VEHICLE,0,0
729.5695,-1882.4512,-0.1286,359.0851,VEHICLE,0,0
729.6096,-1879.7179,-0.0915,359.0838,VEHICLE,0,0
729.6536,-1876.8883,-0.0651,359.2015,VEHICLE,0,0
729.6957,-1873.9495,-0.0443,359.4030,VEHICLE,0,0
729.7300,-1870.9353,-0.0061,359.6061,VEHICLE,0,0
729.7549,-1867.8802,0.0610,359.7870,VEHICLE,0,0
729.7709,-1864.7499,0.1392,359.9376,VEHICLE,0,0
729.7787,-1861.5547,0.2191,0.0588,VEHICLE,0,0
729.7798,-1858.2573,0.2649,0.1592,VEHICLE,0,0
729.7752,-1854.8290,0.2631,0.2387,VEHICLE,0,0
729.7660,-1851.2853,0.2070,0.3051,VEHICLE,0,0
729.7528,-1847.6290,0.0999,0.3627,VEHICLE,0,0
729.7356,-1843.8712,-0.0075,0.4173,VEHICLE,0,0
729.7143,-1840.0919,-0.0802,0.4554,VEHICLE,0,0
729.6891,-1836.3262,-0.1089,0.4686,VEHICLE,0,0
729.6600,-1832.5233,-0.1093,0.4875,VEHICLE,0,0
729.6272,-1828.6248,-0.1281,0.5336,VEHICLE,0,0
729.5916,-1824.6570,-0.2015,0.5990,VEHICLE,0,0
729.5527,-1820.6218,-0.3010,0.6584,VEHICLE,0,0
729.5101,-1816.5872,-0.3699,0.6702,VEHICLE,0,0
729.4649,-1812.6416,-0.4216,0.4567,VEHICLE,0,0
729.4312,-1808.9536,-0.5334,0.1753,VEHICLE,0,0
729.4136,-1805.6740,-0.6541,359.9600,VEHICLE,0,0
729.4096,-1802.9456,-0.6999,359.8860,VEHICLE,0,0
729.4149,-1800.5216,-0.6031,359.9238,VEHICLE,0,0
729.4238,-1798.1234,-0.4257,0.1248,VEHICLE,0,0
729.4257,-1795.6481,-0.2512,0.3658,VEHICLE,0,0
729.4147,-1793.0442,-0.1252,0.5744,VEHICLE,0,0
729.3895,-1790.3052,-0.0647,0.7386,VEHICLE,0,0
729.3519,-1787.4380,-0.0540,0.8616,VEHICLE,0,0
729.3021,-1784.4496,-0.0734,0.7885,VEHICLE,0,0
729.2461,-1781.2023,-0.0982,0.3302,VEHICLE,0,0
729.2147,-1778.5540,-0.1155,359.9258,VEHICLE,0,0
729.2008,-1775.3158,-0.1212,359.4904,VEHICLE,0,0
729.2139,-1772.0417,-0.0915,359.1368,VEHICLE,0,0
729.2510,-1768.7181,-0.0276,358.8632,VEHICLE,0,0
729.3076,-1765.3563,0.0655,358.6614,VEHICLE,0,0
729.3795,-1761.9287,0.1564,358.5122,VEHICLE,0,0
729.4648,-1758.4038,0.2136,358.3931,VEHICLE,0,0
729.5627,-1754.7666,0.2100,358.2984,VEHICLE,0,0
729.6544,-1751.6267,0.1518,358.2403,VEHICLE,0,0
729.7759,-1747.7333,0.0383,358.1981,VEHICLE,0,0
729.9046,-1743.7948,-0.0650,358.1688,VEHICLE,0,0
730.0352,-1739.8916,-0.1208,358.1221,VEHICLE,0,0
730.1644,-1736.0430,-0.1292,358.0774,VEHICLE,0,0
730.2719,-1732.8308,-0.1126,358.0660,VEHICLE,0,0
730.4099,-1728.6771,-0.0922,358.0905,VEHICLE,0,0
730.5423,-1724.6813,-0.1120,358.1235,VEHICLE,0,0
730.6755,-1720.6389,-0.1552,358.1471,VEHICLE,0,0
730.8094,-1716.5385,-0.1929,358.1535,VEHICLE,0,0
730.9438,-1712.4105,-0.2105,358.1914,VEHICLE,0,0
731.0767,-1708.2487,-0.2149,358.2624,VEHICLE,0,0
731.2065,-1704.0272,-0.2139,358.3258,VEHICLE,0,0
731.3329,-1699.7531,-0.2115,358.3683,VEHICLE,0,0
731.4554,-1695.4529,-0.1956,358.4023,VEHICLE,0,0
731.5737,-1691.1725,-0.1582,358.4445,VEHICLE,0,0
731.6881,-1686.9232,-0.1018,358.4923,VEHICLE,0,0
731.8005,-1682.6532,-0.0419,358.5217,VEHICLE,0,0
731.9127,-1678.3127,0.0031,358.5321,VEHICLE,0,0
732.0246,-1673.9382,0.0334,358.5385,VEHICLE,0,0
732.1370,-1669.5096,0.0639,358.5495,VEHICLE,0,0
732.2479,-1665.1415,0.0424,358.5601,VEHICLE,0,0
732.3550,-1660.9572,-0.0997,358.5533,VEHICLE,0,0
732.4596,-1656.9630,-0.2622,358.6281,VEHICLE,0,0
732.5547,-1653.3074,-0.3175,359.0449,VEHICLE,0,0
732.6236,-1650.0275,-0.2945,359.8039,VEHICLE,0,0
732.6518,-1647.3400,-0.2859,0.3924,VEHICLE,0,0
732.6482,-1644.6622,-0.2533,0.8676,VEHICLE,0,0
732.6152,-1641.9987,-0.1478,1.2543,VEHICLE,0,0
732.5611,-1639.2611,-0.0350,1.5506,VEHICLE,0,0
732.4897,-1636.3916,0.0189,1.7809,VEHICLE,0,0
732.4021,-1633.3605,-0.0144,1.9540,VEHICLE,0,0
732.2993,-1630.1948,-0.1184,2.0748,VEHICLE,0,0
732.1832,-1626.9279,-0.2319,2.1567,VEHICLE,0,0
732.0594,-1623.6364,-0.2920,2.2240,VEHICLE,0,0
731.9326,-1620.3779,-0.2820,2.2922,VEHICLE,0,0
731.8036,-1617.1289,-0.2165,2.3502,VEHICLE,0,0
731.6705,-1613.8293,-0.1407,2.3841,VEHICLE,0,0
731.5297,-1610.4070,-0.1063,2.3934,VEHICLE,0,0
731.3826,-1606.8716,-0.1399,2.4041,VEHICLE,0,0
731.2316,-1603.2041,-0.2354,2.6393,VEHICLE,0,0
731.0688,-1599.4880,-0.3175,3.0316,VEHICLE,0,0
730.8861,-1595.7838,-0.3499,3.3959,VEHICLE,0,0
730.6840,-1592.1487,-0.3242,3.6708,VEHICLE,0,0
730.4622,-1588.5414,-0.2599,3.8891,VEHICLE,0,0
730.2613,-1585.4980,-0.1950,4.0572,VEHICLE,0,0
729.9510,-1581.0206,-0.1316,4.4437,VEHICLE,0,0
729.6718,-1577.2203,-0.1214,4.9635,VEHICLE,0,0
729.3604,-1573.3773,-0.1045,5.4603,VEHICLE,0,0
729.0172,-1569.5410,-0.0575,5.8410,VEHICLE,0,0
728.6469,-1565.7352,0.0187,6.1262,VEHICLE,0,0
728.2491,-1561.8984,0.1021,6.3606,VEHICLE,0,0
727.8240,-1557.9890,0.1625,6.5528,VEHICLE,0,0
727.3778,-1554.0436,0.1584,6.7050,VEHICLE,0,0
727.3340,-1549.1512,2.0566,6.7815,ONFOOT,0,0
727.3340,-1549.1512,1.8351,6.7815,ONFOOT,0,0
727.3340,-1549.1512,1.4114,6.7815,ONFOOT,0,0
727.3340,-1549.1512,0.7940,6.7815,ONFOOT,0,0
727.3340,-1549.1512,0.0385,6.7815,ONFOOT,0,0
727.3340,-1549.1512,-0.4405,6.7815,ONFOOT,0,0
727.3340,-1549.1512,-0.3560,6.7815,ONFOOT,0,0
727.3340,-1549.1512,-0.3586,6.7815,ONFOOT,0,0
727.3340,-1549.1512,-0.4018,6.7815,ONFOOT,0,0
727.3340,-1549.1512,-0.4455,6.7815,ONFOOT,0,0
727.3340,-1549.1512,-0.4865,6.7815,ONFOOT,0,0
727.3340,-1549.1512,-0.5241,6.7815,ONFOOT,0,0
727.3340,-1549.1512,-0.5481,6.7815,ONFOOT,0,0
727.3340,-1549.1512,-0.5709,6.7815,ONFOOT,0,0
727.3340,-1549.1512,-0.5887,6.7815,ONFOOT,0,0
727.3340,-1549.1512,-0.6009,6.7815,ONFOOT,0,0
727.3340,-1549.1512,-0.6089,6.7815,ONFOOT,0,0
727.3340,-1549.1512,-0.6126,6.7815,ONFOOT,0,0
727.3340,-1549.1512,-0.6116,6.7815,ONFOOT,0,0
